"รหัสสถานี","เขต","สถานี","วัน-เวลา","ฝน 5 นาที","ฝน 15 นาที","ฝน 30 นาที","ฝน 1 ชม.","ฝน 3 ชม.","ฝน 6 ชม.","ฝน 12 ชม.","ฝน 24 ชม.","ดูข้อมูล"
"RF.YNW.03","ยานนาวา","ปตร.คลองวัดด่าน","01/07/2565 18:45","0.5","0.5","0.5","0.5","0.5","0.5","0.5","0.5","ดูข้อมูล"
"RF.YNW.03","ยานนาวา","ปตร.คลองวัดด่าน","01/07/2565 19:05","1.5","1.5","2.0","2.0","2.0","2.0","2.0","2.0","ดูข้อมูล"
"RF.YNW.03","ยานนาวา","ปตร.คลองวัดด่าน","01/07/2565 19:10","1.0","2.5","3.0","3.0","3.0","3.0","3.0","3.0","ดูข้อมูล"
"RF.YNW.03","ยานนาวา","ปตร.คลองวัดด่าน","01/07/2565 19:15","0.5","3.0","3.0","3.5","3.5","3.5","3.5","3.5","ดูข้อมูล"
"RF.YNW.03","ยานนาวา","ปตร.คลองวัดด่าน","01/07/2565 19:35","0.5","0.5","2.0","4.0","4.0","4.0","4.0","4.0","ดูข้อมูล"
"RF.YNW.03","ยานนาวา","ปตร.คลองวัดด่าน","01/08/2565 11:30","0.5","0.5","0.5","0.5","0.5","0.5","1.0","2.5","ดูข้อมูล"
"RF.YNW.03","ยานนาวา","ปตร.คลองวัดด่าน","01/08/2565 11:35","0.5","1.0","1.0","1.0","1.0","1.0","1.5","3.0","ดูข้อมูล"
"RF.YNW.03","ยานนาวา","ปตร.คลองวัดด่าน","01/08/2565 11:40","0.5","1.5","1.5","1.5","1.5","1.5","2.0","3.5","ดูข้อมูล"
"RF.YNW.03","ยานนาวา","ปตร.คลองวัดด่าน","01/08/2565 11:45","3.0","4.0","4.5","4.5","4.5","4.5","4.5","6.5","ดูข้อมูล"
"RF.YNW.03","ยานนาวา","ปตร.คลองวัดด่าน","01/08/2565 11:50","3.0","6.5","7.5","7.5","7.5","7.5","7.5","9.5","ดูข้อมูล"
"RF.YNW.03","ยานนาวา","ปตร.คลองวัดด่าน","01/08/2565 11:55","0.5","6.5","8.0","8.0","8.0","8.0","8.0","10.0","ดูข้อมูล"
"RF.YNW.03","ยานนาวา","ปตร.คลองวัดด่าน","01/08/2565 12:20","0.5","0.5","1.0","8.5","8.5","8.5","8.5","10.5","ดูข้อมูล"
"RF.YNW.03","ยานนาวา","ปตร.คลองวัดด่าน","01/08/2565 12:25","3.5","4.0","4.0","12.0","12.0","12.0","12.0","14.0","ดูข้อมูล"
"RF.YNW.03","ยานนาวา","ปตร.คลองวัดด่าน","01/08/2565 12:30","7.5","11.5","11.5","19.0","19.5","19.5","19.5","21.5","ดูข้อมูล"
"RF.YNW.03","ยานนาวา","ปตร.คลองวัดด่าน","01/08/2565 12:35","4.5","15.5","16.0","23.0","24.0","24.0","24.0","26.0","ดูข้อมูล"
"RF.YNW.03","ยานนาวา","ปตร.คลองวัดด่าน","01/08/2565 12:40","5.5","17.5","21.5","28.0","29.5","29.5","29.5","31.5","ดูข้อมูล"
"RF.YNW.03","ยานนาวา","ปตร.คลองวัดด่าน","01/08/2565 12:45","3.0","13.0","24.5","28.0","32.5","32.5","32.5","34.5","ดูข้อมูล"
"RF.YNW.03","ยานนาวา","ปตร.คลองวัดด่าน","01/08/2565 12:50","1.0","9.5","25.0","26.0","33.5","33.5","33.5","35.5","ดูข้อมูล"
"RF.YNW.03","ยานนาวา","ปตร.คลองวัดด่าน","01/08/2565 12:55","0.5","4.5","22.0","26.0","34.0","34.0","34.0","36.0","ดูข้อมูล"
"RF.YNW.03","ยานนาวา","ปตร.คลองวัดด่าน","01/08/2565 13:10","0.5","0.5","5.0","26.5","34.5","34.5","34.5","36.5","ดูข้อมูล"
"RF.YNW.03","ยานนาวา","ปตร.คลองวัดด่าน","01/08/2565 13:30","0.5","0.5","1.0","15.5","35.0","35.0","35.0","37.0","ดูข้อมูล"
"RF.YNW.03","ยานนาวา","ปตร.คลองวัดด่าน","01/08/2565 13:45","0.5","0.5","1.0","3.0","35.5","35.5","35.5","37.5","ดูข้อมูล"
"RF.YNW.03","ยานนาวา","ปตร.คลองวัดด่าน","01/08/2565 14:10","0.5","0.5","1.0","1.5","36.0","36.0","36.0","38.0","ดูข้อมูล"
"RF.YNW.03","ยานนาวา","ปตร.คลองวัดด่าน","01/08/2565 14:25","0.5","0.5","1.0","2.0","36.5","36.5","36.5","38.5","ดูข้อมูล"
"RF.YNW.03","ยานนาวา","ปตร.คลองวัดด่าน","01/08/2565 15:15","0.5","0.5","0.5","1.0","29.0","37.0","37.0","39.0","ดูข้อมูล"
"RF.YNW.03","ยานนาวา","ปตร.คลองวัดด่าน","01/08/2565 22:05","2.5","2.5","2.5","2.5","2.5","2.5","39.5","40.0","ดูข้อมูล"
"RF.YNW.03","ยานนาวา","ปตร.คลองวัดด่าน","01/08/2565 22:10","0.5","3.0","3.0","3.0","3.0","3.0","40.0","40.5","ดูข้อมูล"
"RF.YNW.03","ยานนาวา","ปตร.คลองวัดด่าน","01/08/2565 22:15","0.5","3.5","3.5","3.5","3.5","3.5","40.5","41.0","ดูข้อมูล"
"RF.YNW.03","ยานนาวา","ปตร.คลองวัดด่าน","01/08/2565 22:20","0.5","1.5","4.0","4.0","4.0","4.0","41.0","41.5","ดูข้อมูล"
"RF.YNW.03","ยานนาวา","ปตร.คลองวัดด่าน","01/08/2565 22:25","0.5","1.5","4.5","4.5","4.5","4.5","41.5","42.0","ดูข้อมูล"
"RF.YNW.03","ยานนาวา","ปตร.คลองวัดด่าน","01/08/2565 22:40","0.5","0.5","2.0","5.0","5.0","5.0","42.0","42.5","ดูข้อมูล"
"RF.YNW.03","ยานนาวา","ปตร.คลองวัดด่าน","01/08/2565 22:50","0.5","1.0","1.5","5.5","5.5","5.5","42.5","43.0","ดูข้อมูล"
"RF.YNW.03","ยานนาวา","ปตร.คลองวัดด่าน","01/08/2565 23:10","0.5","0.5","1.0","3.0","6.0","6.0","43.0","43.5","ดูข้อมูล"
"RF.YNW.03","ยานนาวา","ปตร.คลองวัดด่าน","01/08/2565 23:15","0.5","1.0","1.5","3.0","6.5","6.5","43.5","44.0","ดูข้อมูล"
"RF.YNW.03","ยานนาวา","ปตร.คลองวัดด่าน","01/08/2565 23:25","0.5","1.0","1.5","2.5","7.0","7.0","44.0","44.5","ดูข้อมูล"
"RF.YNW.03","ยานนาวา","ปตร.คลองวัดด่าน","01/08/2565 23:35","0.5","1.0","2.0","3.0","7.5","7.5","43.5","45.0","ดูข้อมูล"
"RF.YNW.03","ยานนาวา","ปตร.คลองวัดด่าน","01/08/2565 23:40","1.0","1.5","2.5","3.5","8.5","8.5","44.0","46.0","ดูข้อมูล"
"RF.YNW.03","ยานนาวา","ปตร.คลองวัดด่าน","01/08/2565 23:45","1.0","2.5","3.0","4.5","9.5","9.5","42.0","46.5","ดูข้อมูล"
"RF.YNW.03","ยานนาวา","ปตร.คลองวัดด่าน","01/08/2565 23:50","0.5","2.5","3.5","4.5","10.0","10.0","39.5","47.0","ดูข้อมูล"
"RF.YNW.03","ยานนาวา","ปตร.คลองวัดด่าน","01/09/2565 14:05","1.0","1.0","1.0","1.0","1.0","1.0","1.0","3.0","ดูข้อมูล"
"RF.YNW.03","ยานนาวา","ปตร.คลองวัดด่าน","01/09/2565 14:10","5.0","6.0","6.0","6.0","6.0","6.0","6.0","8.0","ดูข้อมูล"
"RF.YNW.03","ยานนาวา","ปตร.คลองวัดด่าน","01/09/2565 14:15","4.0","10.0","10.0","10.0","10.0","10.0","10.0","12.0","ดูข้อมูล"
"RF.YNW.03","ยานนาวา","ปตร.คลองวัดด่าน","01/09/2565 14:20","0.5","9.5","10.5","10.5","10.5","10.5","10.5","12.5","ดูข้อมูล"
"RF.YNW.03","ยานนาวา","ปตร.คลองวัดด่าน","01/09/2565 14:30","1.0","1.5","11.5","11.5","11.5","11.5","11.5","13.5","ดูข้อมูล"
"RF.YNW.03","ยานนาวา","ปตร.คลองวัดด่าน","01/09/2565 14:35","1.0","2.0","11.5","12.5","12.5","12.5","12.5","14.5","ดูข้อมูล"
"RF.YNW.03","ยานนาวา","ปตร.คลองวัดด่าน","01/10/2565 23:35","3.0","3.0","3.0","3.0","3.0","3.0","3.0","3.0","ดูข้อมูล"
"RF.YNW.03","ยานนาวา","ปตร.คลองวัดด่าน","01/10/2565 23:40","6.0","9.0","9.0","9.0","9.0","9.0","9.0","9.0","ดูข้อมูล"
"RF.YNW.03","ยานนาวา","ปตร.คลองวัดด่าน","01/10/2565 23:45","4.0","13.0","13.0","13.0","13.0","13.0","13.0","13.0","ดูข้อมูล"
"RF.YNW.03","ยานนาวา","ปตร.คลองวัดด่าน","01/10/2565 23:50","3.0","13.0","16.0","16.0","16.0","16.0","16.0","16.0","ดูข้อมูล"
"RF.YNW.03","ยานนาวา","ปตร.คลองวัดด่าน","01/10/2565 23:55","2.0","9.0","18.0","18.0","18.0","18.0","18.0","18.0","ดูข้อมูล"
"RF.YNW.03","ยานนาวา","ปตร.คลองวัดด่าน","02/07/2565 19:50","1.0","1.0","1.0","1.0","1.0","1.0","1.0","1.0","ดูข้อมูล"
"RF.YNW.03","ยานนาวา","ปตร.คลองวัดด่าน","02/07/2565 19:55","0.5","1.5","1.5","1.5","1.5","1.5","1.5","1.5","ดูข้อมูล"
"RF.YNW.03","ยานนาวา","ปตร.คลองวัดด่าน","02/08/2565 00:05","0.5","0.5","3.0","5.0","10.5","10.5","39.5","47.5","ดูข้อมูล"
"RF.YNW.03","ยานนาวา","ปตร.คลองวัดด่าน","02/08/2565 02:05","0.5","0.5","0.5","0.5","5.5","11.0","12.5","48.0","ดูข้อมูล"
"RF.YNW.03","ยานนาวา","ปตร.คลองวัดด่าน","02/08/2565 11:30","0.5","0.5","0.5","0.5","0.5","0.5","4.5","48.0","ดูข้อมูล"
"RF.YNW.03","ยานนาวา","ปตร.คลองวัดด่าน","02/08/2565 11:55","0.5","0.5","1.0","1.0","1.0","1.0","2.0","41.0","ดูข้อมูล"
"RF.YNW.03","ยานนาวา","ปตร.คลองวัดด่าน","02/08/2565 14:25","0.5","0.5","0.5","0.5","1.5","1.5","1.5","13.0","ดูข้อมูล"
"RF.YNW.03","ยานนาวา","ปตร.คลองวัดด่าน","02/08/2565 22:00","0.5","0.5","0.5","0.5","0.5","0.5","2.0","13.0","ดูข้อมูล"
"RF.YNW.03","ยานนาวา","ปตร.คลองวัดด่าน","02/08/2565 22:25","0.5","0.5","1.0","1.0","1.0","1.0","2.5","9.0","ดูข้อมูล"
"RF.YNW.03","ยานนาวา","ปตร.คลองวัดด่าน","02/10/2565 00:00","3.5","8.5","21.5","21.5","21.5","21.5","21.5","21.5","ดูข้อมูล"
"RF.YNW.03","ยานนาวา","ปตร.คลองวัดด่าน","02/10/2565 00:05","0.5","6.0","19.0","22.0","22.0","22.0","22.0","22.0","ดูข้อมูล"
"RF.YNW.03","ยานนาวา","ปตร.คลองวัดด่าน","02/10/2565 00:10","0.5","4.5","13.5","22.5","22.5","22.5","22.5","22.5","ดูข้อมูล"
"RF.YNW.03","ยานนาวา","ปตร.คลองวัดด่าน","02/10/2565 00:15","0.5","1.5","10.0","23.0","23.0","23.0","23.0","23.0","ดูข้อมูล"
"RF.YNW.03","ยานนาวา","ปตร.คลองวัดด่าน","02/10/2565 00:30","0.5","0.5","2.0","23.5","23.5","23.5","23.5","23.5","ดูข้อมูล"
"RF.YNW.03","ยานนาวา","ปตร.คลองวัดด่าน","02/10/2565 01:00","0.5","0.5","0.5","2.5","24.0","24.0","24.0","24.0","ดูข้อมูล"
"RF.YNW.03","ยานนาวา","ปตร.คลองวัดด่าน","02/10/2565 18:20","1.5","1.5","1.5","1.5","1.5","1.5","1.5","25.5","ดูข้อมูล"
"RF.YNW.03","ยานนาวา","ปตร.คลองวัดด่าน","02/10/2565 18:25","1.0","2.5","2.5","2.5","2.5","2.5","2.5","26.5","ดูข้อมูล"
"RF.YNW.03","ยานนาวา","ปตร.คลองวัดด่าน","02/10/2565 18:30","0.5","3.0","3.0","3.0","3.0","3.0","3.0","27.0","ดูข้อมูล"
"RF.YNW.03","ยานนาวา","ปตร.คลองวัดด่าน","02/10/2565 19:00","0.5","0.5","0.5","3.5","3.5","3.5","3.5","27.5","ดูข้อมูล"
"RF.YNW.03","ยานนาวา","ปตร.คลองวัดด่าน","02/10/2565 19:10","0.5","1.0","1.0","4.0","4.0","4.0","4.0","28.0","ดูข้อมูล"
"RF.YNW.03","ยานนาวา","ปตร.คลองวัดด่าน","02/10/2565 19:35","0.5","0.5","1.0","1.5","4.5","4.5","4.5","28.5","ดูข้อมูล"
"RF.YNW.03","ยานนาวา","ปตร.คลองวัดด่าน","02/10/2565 19:45","0.5","1.0","1.0","2.0","5.0","5.0","5.0","29.0","ดูข้อมูล"
"RF.YNW.03","ยานนาวา","ปตร.คลองวัดด่าน","03/06/2565 20:40","1.0","1.0","1.0","1.0","1.0","1.0","1.0","1.0","ดูข้อมูล"
"RF.YNW.03","ยานนาวา","ปตร.คลองวัดด่าน","03/06/2565 20:45","0.5","1.5","1.5","1.5","1.5","1.5","1.5","1.5","ดูข้อมูล"
"RF.YNW.03","ยานนาวา","ปตร.คลองวัดด่าน","03/06/2565 20:50","1.0","2.5","2.5","2.5","2.5","2.5","2.5","2.5","ดูข้อมูล"
"RF.YNW.03","ยานนาวา","ปตร.คลองวัดด่าน","03/06/2565 20:55","2.0","3.5","4.5","4.5","4.5","4.5","4.5","4.5","ดูข้อมูล"
"RF.YNW.03","ยานนาวา","ปตร.คลองวัดด่าน","03/06/2565 21:00","0.5","3.5","5.0","5.0","5.0","5.0","5.0","5.0","ดูข้อมูล"
"RF.YNW.03","ยานนาวา","ปตร.คลองวัดด่าน","03/06/2565 21:05","1.0","3.5","6.0","6.0","6.0","6.0","6.0","6.0","ดูข้อมูล"
"RF.YNW.03","ยานนาวา","ปตร.คลองวัดด่าน","03/06/2565 21:10","0.5","2.0","5.5","6.5","6.5","6.5","6.5","6.5","ดูข้อมูล"
"RF.YNW.03","ยานนาวา","ปตร.คลองวัดด่าน","03/10/2565 13:35","0.5","0.5","0.5","0.5","0.5","0.5","0.5","5.5","ดูข้อมูล"
"RF.YNW.03","ยานนาวา","ปตร.คลองวัดด่าน","03/10/2565 13:40","3.5","4.0","4.0","4.0","4.0","4.0","4.0","9.0","ดูข้อมูล"
"RF.YNW.03","ยานนาวา","ปตร.คลองวัดด่าน","03/10/2565 13:45","3.5","7.5","7.5","7.5","7.5","7.5","7.5","12.5","ดูข้อมูล"
"RF.YNW.03","ยานนาวา","ปตร.คลองวัดด่าน","03/10/2565 13:50","3.5","10.5","11.0","11.0","11.0","11.0","11.0","16.0","ดูข้อมูล"
"RF.YNW.03","ยานนาวา","ปตร.คลองวัดด่าน","03/10/2565 13:55","2.0","9.0","13.0","13.0","13.0","13.0","13.0","18.0","ดูข้อมูล"
"RF.YNW.03","ยานนาวา","ปตร.คลองวัดด่าน","03/10/2565 14:00","2.5","8.0","15.5","15.5","15.5","15.5","15.5","20.5","ดูข้อมูล"
"RF.YNW.03","ยานนาวา","ปตร.คลองวัดด่าน","03/10/2565 14:05","1.0","5.5","16.0","16.5","16.5","16.5","16.5","21.5","ดูข้อมูล"
"RF.YNW.03","ยานนาวา","ปตร.คลองวัดด่าน","03/10/2565 14:10","0.5","4.0","13.0","17.0","17.0","17.0","17.0","22.0","ดูข้อมูล"
"RF.YNW.03","ยานนาวา","ปตร.คลองวัดด่าน","03/10/2565 14:30","0.5","0.5","2.0","17.5","17.5","17.5","17.5","22.5","ดูข้อมูล"
"RF.YNW.03","ยานนาวา","ปตร.คลองวัดด่าน","03/10/2565 14:35","2.0","2.5","3.0","19.0","19.5","19.5","19.5","24.5","ดูข้อมูล"
"RF.YNW.03","ยานนาวา","ปตร.คลองวัดด่าน","03/10/2565 14:40","2.0","4.5","4.5","17.5","21.5","21.5","21.5","26.5","ดูข้อมูล"
"RF.YNW.03","ยานนาวา","ปตร.คลองวัดด่าน","03/10/2565 14:45","2.5","6.5","7.0","16.5","24.0","24.0","24.0","29.0","ดูข้อมูล"
"RF.YNW.03","ยานนาวา","ปตร.คลองวัดด่าน","03/10/2565 14:50","3.5","8.0","10.5","16.5","27.5","27.5","27.5","32.5","ดูข้อมูล"
"RF.YNW.03","ยานนาวา","ปตร.คลองวัดด่าน","03/10/2565 14:55","2.0","8.0","12.5","16.5","29.5","29.5","29.5","34.5","ดูข้อมูล"
"RF.YNW.03","ยานนาวา","ปตร.คลองวัดด่าน","03/10/2565 15:00","1.5","7.0","13.5","15.5","31.0","31.0","31.0","36.0","ดูข้อมูล"
"RF.YNW.03","ยานนาวา","ปตร.คลองวัดด่าน","03/10/2565 15:05","0.5","4.0","12.0","15.0","31.5","31.5","31.5","36.5","ดูข้อมูล"
"RF.YNW.03","ยานนาวา","ปตร.คลองวัดด่าน","03/10/2565 15:10","1.0","3.0","11.0","15.5","32.5","32.5","32.5","37.5","ดูข้อมูล"
"RF.YNW.03","ยานนาวา","ปตร.คลองวัดด่าน","03/10/2565 15:15","1.0","2.5","9.5","16.5","33.5","33.5","33.5","38.5","ดูข้อมูล"
"RF.YNW.03","ยานนาวา","ปตร.คลองวัดด่าน","03/10/2565 15:50","0.5","0.5","0.5","6.5","34.0","34.0","34.0","39.0","ดูข้อมูล"
"RF.YNW.03","ยานนาวา","ปตร.คลองวัดด่าน","03/10/2565 16:00","0.5","1.0","1.0","3.5","34.5","34.5","34.5","39.5","ดูข้อมูล"
"RF.YNW.03","ยานนาวา","ปตร.คลองวัดด่าน","03/10/2565 16:05","0.5","1.0","1.5","3.5","35.0","35.0","35.0","40.0","ดูข้อมูล"
"RF.YNW.03","ยานนาวา","ปตร.คลองวัดด่าน","03/10/2565 16:10","0.5","1.5","2.0","3.0","35.5","35.5","35.5","40.5","ดูข้อมูล"
"RF.YNW.03","ยานนาวา","ปตร.คลองวัดด่าน","03/10/2565 16:15","0.5","1.5","2.5","2.5","36.0","36.0","36.0","41.0","ดูข้อมูล"
"RF.YNW.03","ยานนาวา","ปตร.คลองวัดด่าน","03/10/2565 16:20","0.5","1.5","2.5","3.0","36.5","36.5","36.5","41.5","ดูข้อมูล"
"RF.YNW.03","ยานนาวา","ปตร.คลองวัดด่าน","03/10/2565 16:25","0.5","1.5","3.0","3.5","37.0","37.0","37.0","42.0","ดูข้อมูล"
"RF.YNW.03","ยานนาวา","ปตร.คลองวัดด่าน","03/10/2565 16:35","0.5","1.0","2.5","4.0","37.0","37.5","37.5","42.5","ดูข้อมูล"
"RF.YNW.03","ยานนาวา","ปตร.คลองวัดด่าน","03/10/2565 16:50","0.5","0.5","1.5","4.0","27.0","38.0","38.0","43.0","ดูข้อมูล"
"RF.YNW.03","ยานนาวา","ปตร.คลองวัดด่าน","03/10/2565 17:00","0.5","1.0","1.5","4.0","23.0","38.5","38.5","43.5","ดูข้อมูล"
"RF.YNW.03","ยานนาวา","ปตร.คลองวัดด่าน","03/10/2565 17:55","0.5","0.5","0.5","1.0","9.5","39.0","39.0","44.0","ดูข้อมูล"
"RF.YNW.03","ยานนาวา","ปตร.คลองวัดด่าน","03/10/2565 18:00","0.5","1.0","1.0","1.0","8.5","39.5","39.5","44.5","ดูข้อมูล"
"RF.YNW.03","ยานนาวา","ปตร.คลองวัดด่าน","03/10/2565 18:05","0.5","1.5","1.5","1.5","8.5","40.0","40.0","45.0","ดูข้อมูล"
"RF.YNW.03","ยานนาวา","ปตร.คลองวัดด่าน","03/10/2565 18:10","1.0","2.0","2.5","2.5","8.5","41.0","41.0","46.0","ดูข้อมูล"
"RF.YNW.03","ยานนาวา","ปตร.คลองวัดด่าน","03/10/2565 18:15","0.5","2.0","3.0","3.0","8.0","41.5","41.5","46.5","ดูข้อมูล"
"RF.YNW.03","ยานนาวา","ปตร.คลองวัดด่าน","03/10/2565 18:20","0.5","2.0","3.5","3.5","8.5","42.0","42.0","45.5","ดูข้อมูล"
"RF.YNW.03","ยานนาวา","ปตร.คลองวัดด่าน","03/10/2565 19:00","0.5","0.5","0.5","3.0","8.0","42.5","42.5","44.0","ดูข้อมูล"
"RF.YNW.03","ยานนาวา","ปตร.คลองวัดด่าน","03/10/2565 19:10","0.5","1.0","1.0","2.0","7.5","43.0","43.0","44.0","ดูข้อมูล"
"RF.YNW.03","ยานนาวา","ปตร.คลองวัดด่าน","03/10/2565 19:15","0.5","1.0","1.5","2.0","7.5","43.5","43.5","44.5","ดูข้อมูล"
"RF.YNW.03","ยานนาวา","ปตร.คลองวัดด่าน","03/10/2565 20:30","0.5","0.5","0.5","0.5","5.5","26.5","44.0","44.0","ดูข้อมูล"
"RF.YNW.03","ยานนาวา","ปตร.คลองวัดด่าน","04/06/2565 21:30","0.5","0.5","0.5","0.5","0.5","0.5","0.5","0.5","ดูข้อมูล"
"RF.YNW.03","ยานนาวา","ปตร.คลองวัดด่าน","04/07/2565 23:40","0.5","0.5","0.5","0.5","0.5","0.5","0.5","0.5","ดูข้อมูล"
"RF.YNW.03","ยานนาวา","ปตร.คลองวัดด่าน","04/07/2565 23:45","1.0","1.5","1.5","1.5","1.5","1.5","1.5","1.5","ดูข้อมูล"
"RF.YNW.03","ยานนาวา","ปตร.คลองวัดด่าน","04/07/2565 23:50","0.5","2.0","2.0","2.0","2.0","2.0","2.0","2.0","ดูข้อมูล"
"RF.YNW.03","ยานนาวา","ปตร.คลองวัดด่าน","04/07/2565 23:55","0.5","2.0","2.5","2.5","2.5","2.5","2.5","2.5","ดูข้อมูล"
"RF.YNW.03","ยานนาวา","ปตร.คลองวัดด่าน","04/08/2565 23:40","0.5","0.5","0.5","0.5","0.5","0.5","0.5","0.5","ดูข้อมูล"
"RF.YNW.03","ยานนาวา","ปตร.คลองวัดด่าน","04/09/2565 03:15","3.5","3.5","3.5","3.5","3.5","3.5","3.5","3.5","ดูข้อมูล"
"RF.YNW.03","ยานนาวา","ปตร.คลองวัดด่าน","04/09/2565 03:20","10.0","13.5","13.5","13.5","13.5","13.5","13.5","13.5","ดูข้อมูล"
"RF.YNW.03","ยานนาวา","ปตร.คลองวัดด่าน","04/09/2565 03:25","11.0","24.5","24.5","24.5","24.5","24.5","24.5","24.5","ดูข้อมูล"
"RF.YNW.03","ยานนาวา","ปตร.คลองวัดด่าน","04/09/2565 03:30","6.5","27.5","31.0","31.0","31.0","31.0","31.0","31.0","ดูข้อมูล"
"RF.YNW.03","ยานนาวา","ปตร.คลองวัดด่าน","04/09/2565 03:35","4.5","22.0","35.5","35.5","35.5","35.5","35.5","35.5","ดูข้อมูล"
"RF.YNW.03","ยานนาวา","ปตร.คลองวัดด่าน","04/09/2565 03:40","2.5","13.5","38.0","38.0","38.0","38.0","38.0","38.0","ดูข้อมูล"
"RF.YNW.03","ยานนาวา","ปตร.คลองวัดด่าน","04/09/2565 03:45","4.0","11.0","38.5","42.0","42.0","42.0","42.0","42.0","ดูข้อมูล"
"RF.YNW.03","ยานนาวา","ปตร.คลองวัดด่าน","04/09/2565 03:50","7.5","14.0","36.0","49.5","49.5","49.5","49.5","49.5","ดูข้อมูล"
"RF.YNW.03","ยานนาวา","ปตร.คลองวัดด่าน","04/09/2565 03:55","7.0","18.5","32.0","56.5","56.5","56.5","56.5","56.5","ดูข้อมูล"
"RF.YNW.03","ยานนาวา","ปตร.คลองวัดด่าน","04/09/2565 04:00","8.5","23.0","34.0","65.0","65.0","65.0","65.0","65.0","ดูข้อมูล"
"RF.YNW.03","ยานนาวา","ปตร.คลองวัดด่าน","04/09/2565 04:05","7.5","23.0","37.0","72.5","72.5","72.5","72.5","72.5","ดูข้อมูล"
"RF.YNW.03","ยานนาวา","ปตร.คลองวัดด่าน","04/09/2565 04:10","9.5","25.5","44.0","82.0","82.0","82.0","82.0","82.0","ดูข้อมูล"
"RF.YNW.03","ยานนาวา","ปตร.คลองวัดด่าน","04/09/2565 04:15","6.0","23.0","46.0","84.5","88.0","88.0","88.0","88.0","ดูข้อมูล"
"RF.YNW.03","ยานนาวา","ปตร.คลองวัดด่าน","04/09/2565 04:20","6.0","21.5","44.5","80.5","94.0","94.0","94.0","94.0","ดูข้อมูล"
"RF.YNW.03","ยานนาวา","ปตร.คลองวัดด่าน","04/09/2565 04:25","4.0","16.0","41.5","73.5","98.0","98.0","98.0","98.0","ดูข้อมูล"
"RF.YNW.03","ยานนาวา","ปตร.คลองวัดด่าน","04/09/2565 04:30","3.0","13.0","36.0","70.0","101.0","101.0","101.0","101.0","ดูข้อมูล"
"RF.YNW.03","ยานนาวา","ปตร.คลองวัดด่าน","04/09/2565 04:35","4.5","11.5","33.0","70.0","105.5","105.5","105.5","105.5","ดูข้อมูล"
"RF.YNW.03","ยานนาวา","ปตร.คลองวัดด่าน","04/09/2565 04:40","3.0","10.5","26.5","70.5","108.5","108.5","108.5","108.5","ดูข้อมูล"
"RF.YNW.03","ยานนาวา","ปตร.คลองวัดด่าน","04/09/2565 04:45","2.0","9.5","22.5","68.5","110.5","110.5","110.5","110.5","ดูข้อมูล"
"RF.YNW.03","ยานนาวา","ปตร.คลองวัดด่าน","04/09/2565 04:50","1.0","6.0","17.5","62.0","111.5","111.5","111.5","111.5","ดูข้อมูล"
"RF.YNW.03","ยานนาวา","ปตร.คลองวัดด่าน","04/09/2565 04:55","0.5","3.5","14.0","55.5","112.0","112.0","112.0","112.0","ดูข้อมูล"
"RF.YNW.03","ยานนาวา","ปตร.คลองวัดด่าน","04/09/2565 05:00","0.5","2.0","11.5","47.5","112.5","112.5","112.5","112.5","ดูข้อมูล"
"RF.YNW.03","ยานนาวา","ปตร.คลองวัดด่าน","04/09/2565 05:10","0.5","1.0","4.5","31.0","113.0","113.0","113.0","113.0","ดูข้อมูล"
"RF.YNW.03","ยานนาวา","ปตร.คลองวัดด่าน","04/09/2565 05:15","0.5","1.0","3.0","25.5","113.5","113.5","113.5","113.5","ดูข้อมูล"
"RF.YNW.03","ยานนาวา","ปตร.คลองวัดด่าน","04/09/2565 05:20","0.5","1.5","2.5","20.0","114.0","114.0","114.0","114.0","ดูข้อมูล"
"RF.YNW.03","ยานนาวา","ปตร.คลองวัดด่าน","04/09/2565 05:40","0.5","0.5","1.5","6.0","114.5","114.5","114.5","114.5","ดูข้อมูล"
"RF.YNW.03","ยานนาวา","ปตร.คลองวัดด่าน","04/09/2565 06:00","0.5","0.5","1.0","2.5","115.0","115.0","115.0","115.0","ดูข้อมูล"
"RF.YNW.03","ยานนาวา","ปตร.คลองวัดด่าน","04/09/2565 06:25","0.5","0.5","1.0","1.5","91.0","115.5","115.5","115.5","ดูข้อมูล"
"RF.YNW.03","ยานนาวา","ปตร.คลองวัดด่าน","04/09/2565 06:50","0.5","0.5","1.0","1.5","66.5","116.0","116.0","116.0","ดูข้อมูล"
"RF.YNW.03","ยานนาวา","ปตร.คลองวัดด่าน","04/09/2565 07:05","0.5","0.5","1.0","1.5","44.0","116.5","116.5","116.5","ดูข้อมูล"
"RF.YNW.03","ยานนาวา","ปตร.คลองวัดด่าน","04/09/2565 10:15","0.5","0.5","0.5","0.5","0.5","29.0","117.0","117.0","ดูข้อมูล"
"RF.YNW.03","ยานนาวา","ปตร.คลองวัดด่าน","04/09/2565 20:20","1.5","1.5","1.5","1.5","1.5","1.5","2.0","118.5","ดูข้อมูล"
"RF.YNW.03","ยานนาวา","ปตร.คลองวัดด่าน","04/09/2565 20:30","0.5","2.0","2.0","2.0","2.0","2.0","2.5","119.0","ดูข้อมูล"
"RF.YNW.03","ยานนาวา","ปตร.คลองวัดด่าน","04/09/2565 20:35","0.5","1.0","2.5","2.5","2.5","2.5","3.0","119.5","ดูข้อมูล"
"RF.YNW.03","ยานนาวา","ปตร.คลองวัดด่าน","04/09/2565 20:40","1.0","2.0","3.5","3.5","3.5","3.5","4.0","120.5","ดูข้อมูล"
"RF.YNW.03","ยานนาวา","ปตร.คลองวัดด่าน","04/09/2565 20:45","0.5","2.0","4.0","4.0","4.0","4.0","4.5","121.0","ดูข้อมูล"
"RF.YNW.03","ยานนาวา","ปตร.คลองวัดด่าน","04/09/2565 20:50","0.5","2.0","3.0","4.5","4.5","4.5","5.0","121.5","ดูข้อมูล"
"RF.YNW.03","ยานนาวา","ปตร.คลองวัดด่าน","04/09/2565 22:10","0.5","0.5","0.5","0.5","5.0","5.0","5.5","122.0","ดูข้อมูล"
"RF.YNW.03","ยานนาวา","ปตร.คลองวัดด่าน","04/09/2565 22:20","0.5","1.0","1.0","1.0","5.5","5.5","5.5","122.5","ดูข้อมูล"
"RF.YNW.03","ยานนาวา","ปตร.คลองวัดด่าน","04/09/2565 22:45","0.5","0.5","1.0","1.5","6.0","6.0","6.0","123.0","ดูข้อมูล"
"RF.YNW.03","ยานนาวา","ปตร.คลองวัดด่าน","04/09/2565 23:20","0.5","0.5","0.5","1.0","5.0","6.5","6.5","123.5","ดูข้อมูล"
"RF.YNW.03","ยานนาวา","ปตร.คลองวัดด่าน","04/10/2565 15:35","0.5","0.5","0.5","0.5","0.5","0.5","0.5","11.0","ดูข้อมูล"
"RF.YNW.03","ยานนาวา","ปตร.คลองวัดด่าน","04/10/2565 15:40","0.5","1.0","1.0","1.0","1.0","1.0","1.0","11.5","ดูข้อมูล"
"RF.YNW.03","ยานนาวา","ปตร.คลองวัดด่าน","04/10/2565 15:45","0.5","1.5","1.5","1.5","1.5","1.5","1.5","12.0","ดูข้อมูล"
"RF.YNW.03","ยานนาวา","ปตร.คลองวัดด่าน","04/10/2565 15:55","0.5","1.0","2.0","2.0","2.0","2.0","2.0","12.0","ดูข้อมูล"
"RF.YNW.03","ยานนาวา","ปตร.คลองวัดด่าน","04/10/2565 16:50","0.5","0.5","0.5","1.0","2.5","2.5","2.5","8.5","ดูข้อมูล"
"RF.YNW.03","ยานนาวา","ปตร.คลองวัดด่าน","05/07/2565 00:00","0.5","1.5","3.0","3.0","3.0","3.0","3.0","3.0","ดูข้อมูล"
"RF.YNW.03","ยานนาวา","ปตร.คลองวัดด่าน","05/07/2565 23:10","0.5","0.5","0.5","0.5","0.5","0.5","0.5","3.5","ดูข้อมูล"
"RF.YNW.03","ยานนาวา","ปตร.คลองวัดด่าน","05/08/2565 15:35","1.0","1.0","1.0","1.0","1.0","1.0","1.0","1.5","ดูข้อมูล"
"RF.YNW.03","ยานนาวา","ปตร.คลองวัดด่าน","05/08/2565 15:40","1.0","2.0","2.0","2.0","2.0","2.0","2.0","2.5","ดูข้อมูล"
"RF.YNW.03","ยานนาวา","ปตร.คลองวัดด่าน","05/08/2565 15:45","1.0","3.0","3.0","3.0","3.0","3.0","3.0","3.5","ดูข้อมูล"
"RF.YNW.03","ยานนาวา","ปตร.คลองวัดด่าน","05/08/2565 15:50","0.5","2.5","3.5","3.5","3.5","3.5","3.5","4.0","ดูข้อมูล"
"RF.YNW.03","ยานนาวา","ปตร.คลองวัดด่าน","05/08/2565 15:55","0.5","2.0","4.0","4.0","4.0","4.0","4.0","4.5","ดูข้อมูล"
"RF.YNW.03","ยานนาวา","ปตร.คลองวัดด่าน","05/09/2565 00:05","0.5","0.5","0.5","1.0","2.5","7.0","7.0","124.0","ดูข้อมูล"
"RF.YNW.03","ยานนาวา","ปตร.คลองวัดด่าน","05/09/2565 00:45","0.5","0.5","0.5","1.0","3.0","7.5","7.5","124.5","ดูข้อมูล"
"RF.YNW.03","ยานนาวา","ปตร.คลองวัดด่าน","05/09/2565 12:05","1.0","1.0","1.0","1.0","1.0","1.0","1.5","8.5","ดูข้อมูล"
"RF.YNW.03","ยานนาวา","ปตร.คลองวัดด่าน","05/09/2565 12:10","2.0","3.0","3.0","3.0","3.0","3.0","3.5","10.5","ดูข้อมูล"
"RF.YNW.03","ยานนาวา","ปตร.คลองวัดด่าน","05/09/2565 12:15","0.5","3.5","3.5","3.5","3.5","3.5","4.0","11.0","ดูข้อมูล"
"RF.YNW.03","ยานนาวา","ปตร.คลองวัดด่าน","05/09/2565 12:25","1.0","1.5","4.5","4.5","4.5","4.5","5.0","12.0","ดูข้อมูล"
"RF.YNW.03","ยานนาวา","ปตร.คลองวัดด่าน","05/09/2565 12:30","2.5","3.5","7.0","7.0","7.0","7.0","7.5","14.5","ดูข้อมูล"
"RF.YNW.03","ยานนาวา","ปตร.คลองวัดด่าน","05/09/2565 12:35","0.5","4.0","6.5","7.5","7.5","7.5","8.0","15.0","ดูข้อมูล"
"RF.YNW.03","ยานนาวา","ปตร.คลองวัดด่าน","05/09/2565 13:05","0.5","0.5","0.5","7.0","8.0","8.0","8.0","15.5","ดูข้อมูล"
"RF.YNW.03","ยานนาวา","ปตร.คลองวัดด่าน","05/10/2565 09:50","0.5","0.5","0.5","0.5","0.5","0.5","0.5","3.0","ดูข้อมูล"
"RF.YNW.03","ยานนาวา","ปตร.คลองวัดด่าน","05/10/2565 09:55","1.0","1.5","1.5","1.5","1.5","1.5","1.5","4.0","ดูข้อมูล"
"RF.YNW.03","ยานนาวา","ปตร.คลองวัดด่าน","05/10/2565 10:00","1.5","3.0","3.0","3.0","3.0","3.0","3.0","5.5","ดูข้อมูล"
"RF.YNW.03","ยานนาวา","ปตร.คลองวัดด่าน","05/10/2565 10:05","5.5","8.0","8.5","8.5","8.5","8.5","8.5","11.0","ดูข้อมูล"
"RF.YNW.03","ยานนาวา","ปตร.คลองวัดด่าน","05/10/2565 10:10","6.0","13.0","14.5","14.5","14.5","14.5","14.5","17.0","ดูข้อมูล"
"RF.YNW.03","ยานนาวา","ปตร.คลองวัดด่าน","05/10/2565 10:15","0.5","12.0","15.0","15.0","15.0","15.0","15.0","17.5","ดูข้อมูล"
"RF.YNW.03","ยานนาวา","ปตร.คลองวัดด่าน","05/10/2565 10:20","0.5","7.0","15.0","15.5","15.5","15.5","15.5","18.0","ดูข้อมูล"
"RF.YNW.03","ยานนาวา","ปตร.คลองวัดด่าน","05/10/2565 10:25","0.5","1.5","14.5","16.0","16.0","16.0","16.0","18.5","ดูข้อมูล"
"RF.YNW.03","ยานนาวา","ปตร.คลองวัดด่าน","05/10/2565 20:05","1.0","1.0","1.0","1.0","1.0","1.0","17.0","17.0","ดูข้อมูล"
"RF.YNW.03","ยานนาวา","ปตร.คลองวัดด่าน","05/10/2565 20:10","1.0","2.0","2.0","2.0","2.0","2.0","18.0","18.0","ดูข้อมูล"
"RF.YNW.03","ยานนาวา","ปตร.คลองวัดด่าน","06/06/2565 18:25","0.5","0.5","0.5","0.5","0.5","0.5","0.5","0.5","ดูข้อมูล"
"RF.YNW.03","ยานนาวา","ปตร.คลองวัดด่าน","06/06/2565 18:30","2.5","3.0","3.0","3.0","3.0","3.0","3.0","3.0","ดูข้อมูล"
"RF.YNW.03","ยานนาวา","ปตร.คลองวัดด่าน","06/06/2565 18:35","1.5","4.5","4.5","4.5","4.5","4.5","4.5","4.5","ดูข้อมูล"
"RF.YNW.03","ยานนาวา","ปตร.คลองวัดด่าน","06/06/2565 18:40","0.5","4.5","5.0","5.0","5.0","5.0","5.0","5.0","ดูข้อมูล"
"RF.YNW.03","ยานนาวา","ปตร.คลองวัดด่าน","06/06/2565 18:45","0.5","2.5","5.5","5.5","5.5","5.5","5.5","5.5","ดูข้อมูล"
"RF.YNW.03","ยานนาวา","ปตร.คลองวัดด่าน","06/06/2565 18:50","0.5","1.5","6.0","6.0","6.0","6.0","6.0","6.0","ดูข้อมูล"
"RF.YNW.03","ยานนาวา","ปตร.คลองวัดด่าน","06/06/2565 19:15","0.5","0.5","1.0","6.5","6.5","6.5","6.5","6.5","ดูข้อมูล"
"RF.YNW.03","ยานนาวา","ปตร.คลองวัดด่าน","06/07/2565 00:15","0.5","0.5","0.5","0.5","1.0","1.0","1.0","1.0","ดูข้อมูล"
"RF.YNW.03","ยานนาวา","ปตร.คลองวัดด่าน","06/09/2565 20:25","0.5","0.5","0.5","0.5","0.5","0.5","0.5","0.5","ดูข้อมูล"
"RF.YNW.03","ยานนาวา","ปตร.คลองวัดด่าน","06/09/2565 21:00","0.5","0.5","0.5","1.0","1.0","1.0","1.0","1.0","ดูข้อมูล"
"RF.YNW.03","ยานนาวา","ปตร.คลองวัดด่าน","06/09/2565 21:40","3.0","3.0","3.0","3.5","4.0","4.0","4.0","4.0","ดูข้อมูล"
"RF.YNW.03","ยานนาวา","ปตร.คลองวัดด่าน","06/09/2565 21:45","7.0","10.0","10.0","10.5","11.0","11.0","11.0","11.0","ดูข้อมูล"
"RF.YNW.03","ยานนาวา","ปตร.คลองวัดด่าน","06/09/2565 21:50","2.0","12.0","12.0","12.5","13.0","13.0","13.0","13.0","ดูข้อมูล"
"RF.YNW.03","ยานนาวา","ปตร.คลองวัดด่าน","06/09/2565 21:55","1.5","10.5","13.5","14.0","14.5","14.5","14.5","14.5","ดูข้อมูล"
"RF.YNW.03","ยานนาวา","ปตร.คลองวัดด่าน","06/09/2565 22:00","2.0","5.5","15.5","15.5","16.5","16.5","16.5","16.5","ดูข้อมูล"
"RF.YNW.03","ยานนาวา","ปตร.คลองวัดด่าน","06/09/2565 22:05","2.0","5.5","17.5","17.5","18.5","18.5","18.5","18.5","ดูข้อมูล"
"RF.YNW.03","ยานนาวา","ปตร.คลองวัดด่าน","06/09/2565 22:10","1.5","5.5","16.0","19.0","20.0","20.0","20.0","20.0","ดูข้อมูล"
"RF.YNW.03","ยานนาวา","ปตร.คลองวัดด่าน","06/09/2565 22:15","1.5","5.0","10.5","20.5","21.5","21.5","21.5","21.5","ดูข้อมูล"
"RF.YNW.03","ยานนาวา","ปตร.คลองวัดด่าน","06/09/2565 22:25","0.5","2.0","7.5","21.0","22.0","22.0","22.0","22.0","ดูข้อมูล"
"RF.YNW.03","ยานนาวา","ปตร.คลองวัดด่าน","06/09/2565 22:30","0.5","1.0","6.0","21.5","22.5","22.5","22.5","22.5","ดูข้อมูล"
"RF.YNW.03","ยานนาวา","ปตร.คลองวัดด่าน","06/09/2565 22:35","0.5","1.5","4.5","22.0","23.0","23.0","23.0","23.0","ดูข้อมูล"
"RF.YNW.03","ยานนาวา","ปตร.คลองวัดด่าน","06/09/2565 22:40","0.5","1.5","3.5","19.5","23.5","23.5","23.5","23.5","ดูข้อมูล"
"RF.YNW.03","ยานนาวา","ปตร.คลองวัดด่าน","06/09/2565 22:50","0.5","1.0","2.5","11.0","24.0","24.0","24.0","24.0","ดูข้อมูล"
"RF.YNW.03","ยานนาวา","ปตร.คลองวัดด่าน","06/09/2565 23:05","0.5","0.5","1.5","6.0","24.5","24.5","24.5","24.5","ดูข้อมูล"
"RF.YNW.03","ยานนาวา","ปตร.คลองวัดด่าน","06/09/2565 23:15","0.5","1.0","1.5","3.5","25.0","25.0","25.0","25.0","ดูข้อมูล"
"RF.YNW.03","ยานนาวา","ปตร.คลองวัดด่าน","06/09/2565 23:25","0.5","1.0","1.5","3.5","25.0","25.5","25.5","25.5","ดูข้อมูล"
"RF.YNW.03","ยานนาวา","ปตร.คลองวัดด่าน","06/09/2565 23:30","0.5","1.0","2.0","3.5","25.5","26.0","26.0","26.0","ดูข้อมูล"
"RF.YNW.03","ยานนาวา","ปตร.คลองวัดด่าน","06/09/2565 23:40","0.5","1.0","2.0","3.0","26.0","26.5","26.5","26.5","ดูข้อมูล"
"RF.YNW.03","ยานนาวา","ปตร.คลองวัดด่าน","06/09/2565 23:50","0.5","1.0","2.0","3.0","26.5","27.0","27.0","27.0","ดูข้อมูล"
"RF.YNW.03","ยานนาวา","ปตร.คลองวัดด่าน","06/10/2565 15:10","1.0","1.0","1.0","1.0","1.0","1.0","1.0","3.0","ดูข้อมูล"
"RF.YNW.03","ยานนาวา","ปตร.คลองวัดด่าน","06/10/2565 15:15","5.5","6.5","6.5","6.5","6.5","6.5","6.5","8.5","ดูข้อมูล"
"RF.YNW.03","ยานนาวา","ปตร.คลองวัดด่าน","06/10/2565 15:20","5.0","11.5","11.5","11.5","11.5","11.5","11.5","13.5","ดูข้อมูล"
"RF.YNW.03","ยานนาวา","ปตร.คลองวัดด่าน","06/10/2565 15:25","1.5","12.0","13.0","13.0","13.0","13.0","13.0","15.0","ดูข้อมูล"
"RF.YNW.03","ยานนาวา","ปตร.คลองวัดด่าน","06/10/2565 15:30","1.5","8.0","14.5","14.5","14.5","14.5","14.5","16.5","ดูข้อมูล"
"RF.YNW.03","ยานนาวา","ปตร.คลองวัดด่าน","06/10/2565 15:35","2.5","5.5","17.0","17.0","17.0","17.0","17.0","19.0","ดูข้อมูล"
"RF.YNW.03","ยานนาวา","ปตร.คลองวัดด่าน","06/10/2565 15:40","1.5","5.5","17.5","18.5","18.5","18.5","18.5","20.5","ดูข้อมูล"
"RF.YNW.03","ยานนาวา","ปตร.คลองวัดด่าน","06/10/2565 15:45","0.5","4.5","12.5","19.0","19.0","19.0","19.0","21.0","ดูข้อมูล"
"RF.YNW.03","ยานนาวา","ปตร.คลองวัดด่าน","06/10/2565 15:50","0.5","2.5","8.0","19.5","19.5","19.5","19.5","21.5","ดูข้อมูล"
"RF.YNW.03","ยานนาวา","ปตร.คลองวัดด่าน","06/10/2565 15:55","1.5","2.5","8.0","21.0","21.0","21.0","21.0","23.0","ดูข้อมูล"
"RF.YNW.03","ยานนาวา","ปตร.คลองวัดด่าน","06/10/2565 16:00","0.5","2.5","7.0","21.5","21.5","21.5","21.5","23.5","ดูข้อมูล"
"RF.YNW.03","ยานนาวา","ปตร.คลองวัดด่าน","06/10/2565 16:05","0.5","2.5","5.0","22.0","22.0","22.0","22.0","24.0","ดูข้อมูล"
"RF.YNW.03","ยานนาวา","ปตร.คลองวัดด่าน","06/10/2565 16:30","0.5","0.5","1.0","8.0","22.5","22.5","22.5","24.5","ดูข้อมูล"
"RF.YNW.03","ยานนาวา","ปตร.คลองวัดด่าน","06/10/2565 20:30","0.5","0.5","0.5","0.5","0.5","23.0","23.0","23.0","ดูข้อมูล"
"RF.YNW.03","ยานนาวา","ปตร.คลองวัดด่าน","06/10/2565 20:45","0.5","0.5","1.0","1.0","1.0","23.5","23.5","23.5","ดูข้อมูล"
"RF.YNW.03","ยานนาวา","ปตร.คลองวัดด่าน","06/10/2565 21:05","0.5","0.5","1.0","1.5","1.5","24.0","24.0","24.0","ดูข้อมูล"
"RF.YNW.03","ยานนาวา","ปตร.คลองวัดด่าน","06/10/2565 21:25","0.5","0.5","1.0","2.0","2.0","11.5","24.5","24.5","ดูข้อมูล"
"RF.YNW.03","ยานนาวา","ปตร.คลองวัดด่าน","06/10/2565 21:45","0.5","0.5","1.0","1.5","2.5","6.0","25.0","25.0","ดูข้อมูล"
"RF.YNW.03","ยานนาวา","ปตร.คลองวัดด่าน","06/10/2565 22:00","0.5","0.5","1.0","2.0","3.0","4.0","25.5","25.5","ดูข้อมูล"
"RF.YNW.03","ยานนาวา","ปตร.คลองวัดด่าน","06/10/2565 22:50","0.5","0.5","0.5","1.0","3.5","3.5","26.0","26.0","ดูข้อมูล"
"RF.YNW.03","ยานนาวา","ปตร.คลองวัดด่าน","07/06/2565 14:15","0.5","0.5","0.5","0.5","0.5","0.5","0.5","7.0","ดูข้อมูล"
"RF.YNW.03","ยานนาวา","ปตร.คลองวัดด่าน","07/06/2565 14:20","0.5","1.0","1.0","1.0","1.0","1.0","1.0","7.5","ดูข้อมูล"
"RF.YNW.03","ยานนาวา","ปตร.คลองวัดด่าน","07/09/2565 00:10","0.5","0.5","1.0","3.0","26.5","27.5","27.5","27.5","ดูข้อมูล"
"RF.YNW.03","ยานนาวา","ปตร.คลองวัดด่าน","07/09/2565 00:15","0.5","1.0","1.5","3.0","27.0","28.0","28.0","28.0","ดูข้อมูล"
"RF.YNW.03","ยานนาวา","ปตร.คลองวัดด่าน","07/09/2565 00:20","0.5","1.5","1.5","3.5","27.5","28.5","28.5","28.5","ดูข้อมูล"
"RF.YNW.03","ยานนาวา","ปตร.คลองวัดด่าน","07/09/2565 00:25","1.0","2.0","2.5","4.0","28.5","29.5","29.5","29.5","ดูข้อมูล"
"RF.YNW.03","ยานนาวา","ปตร.คลองวัดด่าน","07/09/2565 00:30","0.5","2.0","3.0","4.0","29.0","30.0","30.0","30.0","ดูข้อมูล"
"RF.YNW.03","ยานนาวา","ปตร.คลองวัดด่าน","07/09/2565 00:45","0.5","0.5","2.5","4.0","19.5","30.5","30.5","30.5","ดูข้อมูล"
"RF.YNW.03","ยานนาวา","ปตร.คลองวัดด่าน","07/09/2565 00:55","0.5","1.0","1.5","4.0","16.5","31.0","31.0","31.0","ดูข้อมูล"
"RF.YNW.03","ยานนาวา","ปตร.คลองวัดด่าน","07/09/2565 01:00","0.5","1.0","1.5","4.5","15.0","31.5","31.5","31.5","ดูข้อมูล"
"RF.YNW.03","ยานนาวา","ปตร.คลองวัดด่าน","07/09/2565 01:10","0.5","1.0","2.0","4.5","12.0","32.0","32.0","32.0","ดูข้อมูล"
"RF.YNW.03","ยานนาวา","ปตร.คลองวัดด่าน","07/09/2565 01:20","0.5","1.0","2.0","4.0","11.0","32.5","32.5","32.5","ดูข้อมูล"
"RF.YNW.03","ยานนาวา","ปตร.คลองวัดด่าน","07/09/2565 01:25","0.5","1.0","2.0","3.5","11.0","33.0","33.0","33.0","ดูข้อมูล"
"RF.YNW.03","ยานนาวา","ปตร.คลองวัดด่าน","07/09/2565 01:35","0.5","1.0","2.0","3.5","10.5","33.5","33.5","33.5","ดูข้อมูล"
"RF.YNW.03","ยานนาวา","ปตร.คลองวัดด่าน","07/09/2565 01:45","0.5","1.0","2.0","3.5","10.5","34.0","34.0","34.0","ดูข้อมูล"
"RF.YNW.03","ยานนาวา","ปตร.คลองวัดด่าน","07/09/2565 02:00","0.5","0.5","1.5","3.0","10.5","34.5","34.5","34.5","ดูข้อมูล"
"RF.YNW.03","ยานนาวา","ปตร.คลองวัดด่าน","07/09/2565 04:40","0.5","0.5","0.5","0.5","1.5","11.5","35.0","35.0","ดูข้อมูล"
"RF.YNW.03","ยานนาวา","ปตร.คลองวัดด่าน","07/09/2565 08:30","0.5","0.5","0.5","0.5","0.5","1.0","35.0","35.5","ดูข้อมูล"
"RF.YNW.03","ยานนาวา","ปตร.คลองวัดด่าน","07/09/2565 08:35","0.5","1.0","1.0","1.0","1.0","1.5","35.5","36.0","ดูข้อมูล"
"RF.YNW.03","ยานนาวา","ปตร.คลองวัดด่าน","07/09/2565 08:40","0.5","1.5","1.5","1.5","1.5","2.0","36.0","36.5","ดูข้อมูล"
"RF.YNW.03","ยานนาวา","ปตร.คลองวัดด่าน","07/09/2565 08:45","0.5","1.5","2.0","2.0","2.0","2.5","36.5","37.0","ดูข้อมูล"
"RF.YNW.03","ยานนาวา","ปตร.คลองวัดด่าน","07/09/2565 09:05","0.5","0.5","1.5","2.5","2.5","3.0","36.5","37.5","ดูข้อมูล"
"RF.YNW.03","ยานนาวา","ปตร.คลองวัดด่าน","07/09/2565 21:30","0.5","0.5","0.5","0.5","0.5","0.5","0.5","37.0","ดูข้อมูล"
"RF.YNW.03","ยานนาวา","ปตร.คลองวัดด่าน","07/09/2565 22:05","0.5","0.5","0.5","1.0","1.0","1.0","1.0","20.0","ดูข้อมูล"
"RF.YNW.03","ยานนาวา","ปตร.คลองวัดด่าน","07/09/2565 22:10","0.5","1.0","1.0","1.5","1.5","1.5","1.5","19.0","ดูข้อมูล"
"RF.YNW.03","ยานนาวา","ปตร.คลองวัดด่าน","07/09/2565 22:15","0.5","1.5","1.5","2.0","2.0","2.0","2.0","18.0","ดูข้อมูล"
"RF.YNW.03","ยานนาวา","ปตร.คลองวัดด่าน","07/09/2565 22:20","0.5","1.5","2.0","2.5","2.5","2.5","2.5","18.5","ดูข้อมูล"
"RF.YNW.03","ยานนาวา","ปตร.คลองวัดด่าน","07/09/2565 22:25","0.5","1.5","2.5","3.0","3.0","3.0","3.0","18.5","ดูข้อมูล"
"RF.YNW.03","ยานนาวา","ปตร.คลองวัดด่าน","07/09/2565 22:30","0.5","1.5","3.0","3.0","3.5","3.5","3.5","18.5","ดูข้อมูล"
"RF.YNW.03","ยานนาวา","ปตร.คลองวัดด่าน","07/09/2565 22:35","0.5","1.5","3.0","3.5","4.0","4.0","4.0","18.5","ดูข้อมูล"
"RF.YNW.03","ยานนาวา","ปตร.คลองวัดด่าน","07/09/2565 22:40","0.5","1.5","3.0","4.0","4.5","4.5","4.5","18.5","ดูข้อมูล"
"RF.YNW.03","ยานนาวา","ปตร.คลองวัดด่าน","07/09/2565 22:45","0.5","1.5","3.0","4.5","5.0","5.0","5.0","19.0","ดูข้อมูล"
"RF.YNW.03","ยานนาวา","ปตร.คลองวัดด่าน","07/09/2565 22:50","0.5","1.5","3.0","5.0","5.5","5.5","5.5","19.0","ดูข้อมูล"
"RF.YNW.03","ยานนาวา","ปตร.คลองวัดด่าน","07/09/2565 22:55","0.5","1.5","3.0","5.5","6.0","6.0","6.0","19.5","ดูข้อมูล"
"RF.YNW.03","ยานนาวา","ปตร.คลองวัดด่าน","07/09/2565 23:00","0.5","1.5","3.0","6.0","6.5","6.5","6.5","20.0","ดูข้อมูล"
"RF.YNW.03","ยานนาวา","ปตร.คลองวัดด่าน","07/09/2565 23:15","1.0","1.0","2.5","5.5","7.5","7.5","7.5","20.0","ดูข้อมูล"
"RF.YNW.03","ยานนาวา","ปตร.คลองวัดด่าน","07/09/2565 23:20","1.0","2.0","3.0","6.0","8.5","8.5","8.5","21.0","ดูข้อมูล"
"RF.YNW.03","ยานนาวา","ปตร.คลองวัดด่าน","07/09/2565 23:25","1.0","3.0","3.5","6.5","9.5","9.5","9.5","21.5","ดูข้อมูล"
"RF.YNW.03","ยานนาวา","ปตร.คลองวัดด่าน","07/09/2565 23:35","1.0","2.0","4.0","6.5","10.5","10.5","10.5","22.0","ดูข้อมูล"
"RF.YNW.03","ยานนาวา","ปตร.คลองวัดด่าน","07/09/2565 23:40","1.0","2.0","5.0","7.0","11.5","11.5","11.5","22.5","ดูข้อมูล"
"RF.YNW.03","ยานนาวา","ปตร.คลองวัดด่าน","07/09/2565 23:45","1.0","3.0","5.0","7.5","12.5","12.5","12.5","23.5","ดูข้อมูล"
"RF.YNW.03","ยานนาวา","ปตร.คลองวัดด่าน","07/09/2565 23:50","0.5","2.5","4.5","7.5","13.0","13.0","13.0","23.5","ดูข้อมูล"
"RF.YNW.03","ยานนาวา","ปตร.คลองวัดด่าน","07/10/2565 16:10","0.5","0.5","0.5","0.5","0.5","0.5","0.5","4.5","ดูข้อมูล"
"RF.YNW.03","ยานนาวา","ปตร.คลองวัดด่าน","07/10/2565 16:15","3.5","4.0","4.0","4.0","4.0","4.0","4.0","8.0","ดูข้อมูล"
"RF.YNW.03","ยานนาวา","ปตร.คลองวัดด่าน","07/10/2565 16:20","1.0","5.0","5.0","5.0","5.0","5.0","5.0","9.0","ดูข้อมูล"
"RF.YNW.03","ยานนาวา","ปตร.คลองวัดด่าน","07/10/2565 16:25","0.5","5.0","5.5","5.5","5.5","5.5","5.5","9.5","ดูข้อมูล"
"RF.YNW.03","ยานนาวา","ปตร.คลองวัดด่าน","07/10/2565 16:30","0.5","2.0","6.0","6.0","6.0","6.0","6.0","9.5","ดูข้อมูล"
"RF.YNW.03","ยานนาวา","ปตร.คลองวัดด่าน","07/10/2565 16:35","0.5","1.5","6.5","6.5","6.5","6.5","6.5","10.0","ดูข้อมูล"
"RF.YNW.03","ยานนาวา","ปตร.คลองวัดด่าน","07/10/2565 16:40","0.5","1.5","6.5","7.0","7.0","7.0","7.0","10.5","ดูข้อมูล"
"RF.YNW.03","ยานนาวา","ปตร.คลองวัดด่าน","07/10/2565 16:45","0.5","1.5","3.5","7.5","7.5","7.5","7.5","11.0","ดูข้อมูล"
"RF.YNW.03","ยานนาวา","ปตร.คลองวัดด่าน","07/10/2565 16:50","1.5","2.5","4.0","9.0","9.0","9.0","9.0","12.5","ดูข้อมูล"
"RF.YNW.03","ยานนาวา","ปตร.คลองวัดด่าน","07/10/2565 16:55","1.5","3.5","5.0","10.5","10.5","10.5","10.5","14.0","ดูข้อมูล"
"RF.YNW.03","ยานนาวา","ปตร.คลองวัดด่าน","07/10/2565 17:20","0.5","0.5","2.0","6.0","11.0","11.0","11.0","14.5","ดูข้อมูล"
"RF.YNW.03","ยานนาวา","ปตร.คลองวัดด่าน","07/10/2565 17:45","0.5","0.5","1.0","4.0","11.5","11.5","11.5","15.0","ดูข้อมูล"
"RF.YNW.03","ยานนาวา","ปตร.คลองวัดด่าน","07/10/2565 17:50","0.5","1.0","1.0","3.0","12.0","12.0","12.0","15.5","ดูข้อมูล"
"RF.YNW.03","ยานนาวา","ปตร.คลองวัดด่าน","07/10/2565 18:00","0.5","1.0","1.5","2.0","12.5","12.5","12.5","16.0","ดูข้อมูล"
"RF.YNW.03","ยานนาวา","ปตร.คลองวัดด่าน","07/10/2565 18:10","0.5","1.0","2.0","2.5","13.0","13.0","13.0","16.5","ดูข้อมูล"
"RF.YNW.03","ยานนาวา","ปตร.คลองวัดด่าน","07/10/2565 18:15","0.5","1.0","2.0","3.0","13.5","13.5","13.5","17.0","ดูข้อมูล"
"RF.YNW.03","ยานนาวา","ปตร.คลองวัดด่าน","07/10/2565 18:25","0.5","1.0","2.0","3.0","14.0","14.0","14.0","17.5","ดูข้อมูล"
"RF.YNW.03","ยานนาวา","ปตร.คลองวัดด่าน","07/10/2565 18:45","0.5","0.5","1.0","3.0","14.5","14.5","14.5","18.0","ดูข้อมูล"
"RF.YNW.03","ยานนาวา","ปตร.คลองวัดด่าน","07/10/2565 18:50","0.5","1.0","1.5","3.0","15.0","15.0","15.0","18.5","ดูข้อมูล"
"RF.YNW.03","ยานนาวา","ปตร.คลองวัดด่าน","07/10/2565 19:00","0.5","1.0","1.5","3.0","15.5","15.5","15.5","19.0","ดูข้อมูล"
"RF.YNW.03","ยานนาวา","ปตร.คลองวัดด่าน","07/10/2565 19:05","0.5","1.0","2.0","3.5","16.0","16.0","16.0","19.5","ดูข้อมูล"
"RF.YNW.03","ยานนาวา","ปตร.คลองวัดด่าน","07/10/2565 19:15","0.5","1.0","2.0","3.0","12.5","16.5","16.5","20.0","ดูข้อมูล"
"RF.YNW.03","ยานนาวา","ปตร.คลองวัดด่าน","07/10/2565 19:55","0.5","0.5","0.5","2.0","6.5","17.0","17.0","20.5","ดูข้อมูล"
"RF.YNW.03","ยานนาวา","ปตร.คลองวัดด่าน","08/06/2565 15:35","0.5","0.5","0.5","0.5","0.5","0.5","0.5","0.5","ดูข้อมูล"
"RF.YNW.03","ยานนาวา","ปตร.คลองวัดด่าน","08/07/2565 19:25","0.5","0.5","0.5","0.5","0.5","0.5","0.5","0.5","ดูข้อมูล"
"RF.YNW.03","ยานนาวา","ปตร.คลองวัดด่าน","08/07/2565 19:30","2.5","3.0","3.0","3.0","3.0","3.0","3.0","3.0","ดูข้อมูล"
"RF.YNW.03","ยานนาวา","ปตร.คลองวัดด่าน","08/07/2565 19:35","3.0","6.0","6.0","6.0","6.0","6.0","6.0","6.0","ดูข้อมูล"
"RF.YNW.03","ยานนาวา","ปตร.คลองวัดด่าน","08/07/2565 19:40","4.5","10.0","10.5","10.5","10.5","10.5","10.5","10.5","ดูข้อมูล"
"RF.YNW.03","ยานนาวา","ปตร.คลองวัดด่าน","08/07/2565 19:45","2.5","10.0","13.0","13.0","13.0","13.0","13.0","13.0","ดูข้อมูล"
"RF.YNW.03","ยานนาวา","ปตร.คลองวัดด่าน","08/07/2565 19:50","1.5","8.5","14.5","14.5","14.5","14.5","14.5","14.5","ดูข้อมูล"
"RF.YNW.03","ยานนาวา","ปตร.คลองวัดด่าน","08/07/2565 19:55","1.5","5.5","15.5","16.0","16.0","16.0","16.0","16.0","ดูข้อมูล"
"RF.YNW.03","ยานนาวา","ปตร.คลองวัดด่าน","08/07/2565 20:00","0.5","3.5","13.5","16.5","16.5","16.5","16.5","16.5","ดูข้อมูล"
"RF.YNW.03","ยานนาวา","ปตร.คลองวัดด่าน","08/07/2565 20:05","0.5","2.5","11.0","17.0","17.0","17.0","17.0","17.0","ดูข้อมูล"
"RF.YNW.03","ยานนาวา","ปตร.คลองวัดด่าน","08/07/2565 20:10","0.5","1.5","7.0","17.5","17.5","17.5","17.5","17.5","ดูข้อมูล"
"RF.YNW.03","ยานนาวา","ปตร.คลองวัดด่าน","08/07/2565 20:35","0.5","0.5","1.0","12.0","18.0","18.0","18.0","18.0","ดูข้อมูล"
"RF.YNW.03","ยานนาวา","ปตร.คลองวัดด่าน","08/07/2565 20:45","0.5","1.0","1.0","5.5","18.5","18.5","18.5","18.5","ดูข้อมูล"
"RF.YNW.03","ยานนาวา","ปตร.คลองวัดด่าน","08/07/2565 20:55","0.5","1.0","1.5","3.0","19.0","19.0","19.0","19.0","ดูข้อมูล"
"RF.YNW.03","ยานนาวา","ปตร.คลองวัดด่าน","08/07/2565 21:05","0.5","1.0","1.5","2.5","19.5","19.5","19.5","19.5","ดูข้อมูล"
"RF.YNW.03","ยานนาวา","ปตร.คลองวัดด่าน","08/07/2565 21:25","0.5","0.5","1.0","2.5","20.0","20.0","20.0","20.0","ดูข้อมูล"
"RF.YNW.03","ยานนาวา","ปตร.คลองวัดด่าน","08/07/2565 21:40","0.5","0.5","1.0","2.5","20.5","20.5","20.5","20.5","ดูข้อมูล"
"RF.YNW.03","ยานนาวา","ปตร.คลองวัดด่าน","08/07/2565 22:55","0.5","0.5","0.5","0.5","5.0","21.0","21.0","21.0","ดูข้อมูล"
"RF.YNW.03","ยานนาวา","ปตร.คลองวัดด่าน","08/08/2565 04:35","0.5","0.5","0.5","0.5","0.5","0.5","0.5","0.5","ดูข้อมูล"
"RF.YNW.03","ยานนาวา","ปตร.คลองวัดด่าน","08/08/2565 09:05","0.5","0.5","0.5","0.5","0.5","1.0","1.0","1.0","ดูข้อมูล"
"RF.YNW.03","ยานนาวา","ปตร.คลองวัดด่าน","08/08/2565 12:25","0.5","0.5","0.5","0.5","0.5","1.0","1.5","1.5","ดูข้อมูล"
"RF.YNW.03","ยานนาวา","ปตร.คลองวัดด่าน","08/08/2565 13:05","0.5","0.5","0.5","1.0","1.0","1.5","2.0","2.0","ดูข้อมูล"
"RF.YNW.03","ยานนาวา","ปตร.คลองวัดด่าน","08/08/2565 19:20","0.5","0.5","0.5","0.5","0.5","0.5","2.0","2.5","ดูข้อมูล"
"RF.YNW.03","ยานนาวา","ปตร.คลองวัดด่าน","08/08/2565 19:30","0.5","1.0","1.0","1.0","1.0","1.0","2.5","3.0","ดูข้อมูล"
"RF.YNW.03","ยานนาวา","ปตร.คลองวัดด่าน","08/08/2565 19:35","1.0","1.5","2.0","2.0","2.0","2.0","3.5","4.0","ดูข้อมูล"
"RF.YNW.03","ยานนาวา","ปตร.คลองวัดด่าน","08/08/2565 19:40","1.5","3.0","3.5","3.5","3.5","3.5","5.0","5.5","ดูข้อมูล"
"RF.YNW.03","ยานนาวา","ปตร.คลองวัดด่าน","08/08/2565 19:45","1.0","3.5","4.5","4.5","4.5","4.5","6.0","6.5","ดูข้อมูล"
"RF.YNW.03","ยานนาวา","ปตร.คลองวัดด่าน","08/08/2565 19:50","0.5","3.0","4.5","5.0","5.0","5.0","6.5","7.0","ดูข้อมูล"
"RF.YNW.03","ยานนาวา","ปตร.คลองวัดด่าน","08/08/2565 19:55","0.5","2.0","5.0","5.5","5.5","5.5","7.0","7.5","ดูข้อมูล"
"RF.YNW.03","ยานนาวา","ปตร.คลองวัดด่าน","08/08/2565 20:00","0.5","1.5","5.0","6.0","6.0","6.0","7.5","8.0","ดูข้อมูล"
"RF.YNW.03","ยานนาวา","ปตร.คลองวัดด่าน","08/08/2565 20:05","0.5","1.5","4.5","6.5","6.5","6.5","8.0","8.5","ดูข้อมูล"
"RF.YNW.03","ยานนาวา","ปตร.คลองวัดด่าน","08/08/2565 20:10","0.5","1.5","3.5","7.0","7.0","7.0","8.5","9.0","ดูข้อมูล"
"RF.YNW.03","ยานนาวา","ปตร.คลองวัดด่าน","08/08/2565 20:15","0.5","1.5","3.0","7.5","7.5","7.5","9.0","9.5","ดูข้อมูล"
"RF.YNW.03","ยานนาวา","ปตร.คลองวัดด่าน","08/08/2565 20:20","0.5","1.5","3.0","7.5","8.0","8.0","9.5","10.0","ดูข้อมูล"
"RF.YNW.03","ยานนาวา","ปตร.คลองวัดด่าน","08/08/2565 20:35","0.5","0.5","2.0","6.5","8.5","8.5","10.0","10.5","ดูข้อมูล"
"RF.YNW.03","ยานนาวา","ปตร.คลองวัดด่าน","08/08/2565 20:45","0.5","1.0","1.5","4.5","9.0","9.0","10.5","11.0","ดูข้อมูล"
"RF.YNW.03","ยานนาวา","ปตร.คลองวัดด่าน","08/08/2565 20:50","0.5","1.0","1.5","4.5","9.5","9.5","11.0","11.5","ดูข้อมูล"
"RF.YNW.03","ยานนาวา","ปตร.คลองวัดด่าน","08/08/2565 21:00","0.5","1.0","2.0","4.0","10.0","10.0","11.5","12.0","ดูข้อมูล"
"RF.YNW.03","ยานนาวา","ปตร.คลองวัดด่าน","08/08/2565 21:05","0.5","1.0","2.0","4.0","10.5","10.5","11.5","12.5","ดูข้อมูล"
"RF.YNW.03","ยานนาวา","ปตร.คลองวัดด่าน","08/08/2565 21:10","0.5","1.5","2.5","4.0","11.0","11.0","12.0","13.0","ดูข้อมูล"
"RF.YNW.03","ยานนาวา","ปตร.คลองวัดด่าน","08/08/2565 21:50","0.5","0.5","0.5","2.0","11.5","11.5","12.5","13.5","ดูข้อมูล"
"RF.YNW.03","ยานนาวา","ปตร.คลองวัดด่าน","08/08/2565 22:45","0.5","0.5","0.5","1.0","7.5","12.0","13.0","14.0","ดูข้อมูล"
"RF.YNW.03","ยานนาวา","ปตร.คลองวัดด่าน","08/09/2565 00:00","0.5","1.0","4.0","7.0","13.5","13.5","13.5","24.0","ดูข้อมูล"
"RF.YNW.03","ยานนาวา","ปตร.คลองวัดด่าน","08/09/2565 00:05","0.5","1.0","3.5","7.5","14.0","14.0","14.0","24.5","ดูข้อมูล"
"RF.YNW.03","ยานนาวา","ปตร.คลองวัดด่าน","08/09/2565 00:10","0.5","1.5","3.0","8.0","14.5","14.5","14.5","24.5","ดูข้อมูล"
"RF.YNW.03","ยานนาวา","ปตร.คลองวัดด่าน","08/09/2565 00:15","0.5","1.5","2.5","7.5","15.0","15.0","15.0","24.5","ดูข้อมูล"
"RF.YNW.03","ยานนาวา","ปตร.คลองวัดด่าน","08/09/2565 00:30","0.5","0.5","2.0","6.0","15.0","15.5","15.5","23.0","ดูข้อมูล"
"RF.YNW.03","ยานนาวา","ปตร.คลองวัดด่าน","08/09/2565 00:40","0.5","1.0","1.5","4.5","15.5","16.0","16.0","23.5","ดูข้อมูล"
"RF.YNW.03","ยานนาวา","ปตร.คลองวัดด่าน","08/09/2565 01:05","0.5","0.5","1.0","2.5","15.5","16.5","16.5","22.5","ดูข้อมูล"
"RF.YNW.03","ยานนาวา","ปตร.คลองวัดด่าน","08/09/2565 02:20","0.5","0.5","0.5","0.5","8.5","17.0","17.0","20.0","ดูข้อมูล"
"RF.YNW.03","ยานนาวา","ปตร.คลองวัดด่าน","08/09/2565 02:45","0.5","0.5","1.0","1.0","5.0","17.5","17.5","20.5","ดูข้อมูล"
"RF.YNW.03","ยานนาวา","ปตร.คลองวัดด่าน","08/09/2565 03:10","0.5","0.5","1.0","1.5","3.5","18.0","18.0","21.0","ดูข้อมูล"
"RF.YNW.03","ยานนาวา","ปตร.คลองวัดด่าน","08/09/2565 03:25","0.5","0.5","1.0","1.5","3.5","18.5","18.5","21.5","ดูข้อมูล"
"RF.YNW.03","ยานนาวา","ปตร.คลองวัดด่าน","08/09/2565 03:45","0.5","0.5","1.0","1.5","3.0","18.5","19.0","22.0","ดูข้อมูล"
"RF.YNW.03","ยานนาวา","ปตร.คลองวัดด่าน","08/09/2565 04:05","0.5","0.5","1.0","2.0","3.0","18.5","19.5","22.5","ดูข้อมูล"
"RF.YNW.03","ยานนาวา","ปตร.คลองวัดด่าน","08/09/2565 04:20","0.5","0.5","1.0","2.0","3.5","17.5","20.0","23.0","ดูข้อมูล"
"RF.YNW.03","ยานนาวา","ปตร.คลองวัดด่าน","08/09/2565 13:50","0.5","0.5","0.5","0.5","0.5","0.5","4.0","20.5","ดูข้อมูล"
"RF.YNW.03","ยานนาวา","ปตร.คลองวัดด่าน","08/09/2565 13:55","1.0","1.5","1.5","1.5","1.5","1.5","5.0","21.5","ดูข้อมูล"
"RF.YNW.03","ยานนาวา","ปตร.คลองวัดด่าน","08/09/2565 14:00","1.0","2.5","2.5","2.5","2.5","2.5","6.0","22.5","ดูข้อมูล"
"RF.YNW.03","ยานนาวา","ปตร.คลองวัดด่าน","08/09/2565 14:05","1.0","3.0","3.5","3.5","3.5","3.5","7.0","23.5","ดูข้อมูล"
"RF.YNW.03","ยานนาวา","ปตร.คลองวัดด่าน","08/09/2565 14:10","0.5","2.5","4.0","4.0","4.0","4.0","7.5","24.0","ดูข้อมูล"
"RF.YNW.03","ยานนาวา","ปตร.คลองวัดด่าน","08/09/2565 14:20","0.5","1.0","4.0","4.5","4.5","4.5","7.5","24.5","ดูข้อมูล"
"RF.YNW.03","ยานนาวา","ปตร.คลองวัดด่าน","08/09/2565 14:30","0.5","1.0","2.5","5.0","5.0","5.0","8.0","25.0","ดูข้อมูล"
"RF.YNW.03","ยานนาวา","ปตร.คลองวัดด่าน","08/09/2565 14:45","0.5","0.5","1.5","5.5","5.5","5.5","8.0","25.5","ดูข้อมูล"
"RF.YNW.03","ยานนาวา","ปตร.คลองวัดด่าน","08/09/2565 15:00","0.5","0.5","1.0","3.5","6.0","6.0","8.5","26.0","ดูข้อมูล"
"RF.YNW.03","ยานนาวา","ปตร.คลองวัดด่าน","08/09/2565 15:20","0.5","0.5","1.0","2.0","6.5","6.5","8.5","26.5","ดูข้อมูล"
"RF.YNW.03","ยานนาวา","ปตร.คลองวัดด่าน","08/09/2565 15:35","0.5","0.5","1.0","2.0","7.0","7.0","8.5","27.0","ดูข้อมูล"
"RF.YNW.03","ยานนาวา","ปตร.คลองวัดด่าน","08/09/2565 15:55","0.5","0.5","1.0","2.0","7.5","7.5","8.5","27.5","ดูข้อมูล"
"RF.YNW.03","ยานนาวา","ปตร.คลองวัดด่าน","08/09/2565 17:00","0.5","0.5","0.5","0.5","5.5","8.0","8.0","28.0","ดูข้อมูล"
"RF.YNW.03","ยานนาวา","ปตร.คลองวัดด่าน","09/07/2565 00:00","0.5","0.5","0.5","0.5","2.5","21.5","21.5","21.5","ดูข้อมูล"
"RF.YNW.03","ยานนาวา","ปตร.คลองวัดด่าน","09/07/2565 01:15","0.5","0.5","0.5","0.5","1.5","22.0","22.0","22.0","ดูข้อมูล"
"RF.YNW.03","ยานนาวา","ปตร.คลองวัดด่าน","09/07/2565 04:30","0.5","0.5","0.5","0.5","0.5","2.0","22.5","22.5","ดูข้อมูล"
"RF.YNW.03","ยานนาวา","ปตร.คลองวัดด่าน","09/07/2565 07:30","0.5","0.5","0.5","0.5","0.5","1.0","20.0","23.0","ดูข้อมูล"
"RF.YNW.03","ยานนาวา","ปตร.คลองวัดด่าน","09/07/2565 15:50","5.0","5.0","5.0","5.0","5.0","5.0","6.0","28.0","ดูข้อมูล"
"RF.YNW.03","ยานนาวา","ปตร.คลองวัดด่าน","09/07/2565 15:55","5.0","10.0","10.0","10.0","10.0","10.0","11.0","33.0","ดูข้อมูล"
"RF.YNW.03","ยานนาวา","ปตร.คลองวัดด่าน","09/07/2565 16:00","3.0","13.0","13.0","13.0","13.0","13.0","14.0","36.0","ดูข้อมูล"
"RF.YNW.03","ยานนาวา","ปตร.คลองวัดด่าน","09/07/2565 16:05","1.0","9.0","14.0","14.0","14.0","14.0","15.0","37.0","ดูข้อมูล"
"RF.YNW.03","ยานนาวา","ปตร.คลองวัดด่าน","09/07/2565 16:10","2.0","6.0","16.0","16.0","16.0","16.0","17.0","39.0","ดูข้อมูล"
"RF.YNW.03","ยานนาวา","ปตร.คลองวัดด่าน","09/07/2565 16:15","0.5","3.5","16.5","16.5","16.5","16.5","17.5","39.5","ดูข้อมูล"
"RF.YNW.03","ยานนาวา","ปตร.คลองวัดด่าน","09/07/2565 16:20","1.0","3.5","12.5","17.5","17.5","17.5","18.5","40.5","ดูข้อมูล"
"RF.YNW.03","ยานนาวา","ปตร.คลองวัดด่าน","09/07/2565 16:30","0.5","1.5","5.0","18.0","18.0","18.0","18.5","41.0","ดูข้อมูล"
"RF.YNW.03","ยานนาวา","ปตร.คลองวัดด่าน","09/07/2565 17:10","0.5","0.5","0.5","2.5","18.5","18.5","19.0","41.5","ดูข้อมูล"
"RF.YNW.03","ยานนาวา","ปตร.คลองวัดด่าน","09/07/2565 19:40","0.5","0.5","0.5","0.5","1.0","19.0","19.0","31.5","ดูข้อมูล"
"RF.YNW.03","ยานนาวา","ปตร.คลองวัดด่าน","09/07/2565 21:20","0.5","0.5","0.5","0.5","1.0","19.5","19.5","23.0","ดูข้อมูล"
"RF.YNW.03","ยานนาวา","ปตร.คลองวัดด่าน","09/08/2565 00:05","0.5","0.5","0.5","0.5","2.0","12.5","13.5","14.5","ดูข้อมูล"
"RF.YNW.03","ยานนาวา","ปตร.คลองวัดด่าน","09/08/2565 17:35","0.5","0.5","0.5","0.5","0.5","0.5","0.5","13.0","ดูข้อมูล"
"RF.YNW.03","ยานนาวา","ปตร.คลองวัดด่าน","09/08/2565 17:40","0.5","1.0","1.0","1.0","1.0","1.0","1.0","13.5","ดูข้อมูล"
"RF.YNW.03","ยานนาวา","ปตร.คลองวัดด่าน","09/10/2565 18:10","7.5","7.5","7.5","7.5","7.5","7.5","7.5","7.5","ดูข้อมูล"
"RF.YNW.03","ยานนาวา","ปตร.คลองวัดด่าน","09/10/2565 18:15","8.5","16.0","16.0","16.0","16.0","16.0","16.0","16.0","ดูข้อมูล"
"RF.YNW.03","ยานนาวา","ปตร.คลองวัดด่าน","09/10/2565 18:20","7.5","23.5","23.5","23.5","23.5","23.5","23.5","23.5","ดูข้อมูล"
"RF.YNW.03","ยานนาวา","ปตร.คลองวัดด่าน","09/10/2565 18:25","4.5","20.5","28.0","28.0","28.0","28.0","28.0","28.0","ดูข้อมูล"
"RF.YNW.03","ยานนาวา","ปตร.คลองวัดด่าน","09/10/2565 18:30","2.5","14.5","30.5","30.5","30.5","30.5","30.5","30.5","ดูข้อมูล"
"RF.YNW.03","ยานนาวา","ปตร.คลองวัดด่าน","09/10/2565 18:35","0.5","7.5","31.0","31.0","31.0","31.0","31.0","31.0","ดูข้อมูล"
"RF.YNW.03","ยานนาวา","ปตร.คลองวัดด่าน","09/10/2565 18:45","1.5","2.0","16.5","32.5","32.5","32.5","32.5","32.5","ดูข้อมูล"
"RF.YNW.03","ยานนาวา","ปตร.คลองวัดด่าน","09/10/2565 18:50","5.0","6.5","14.0","37.5","37.5","37.5","37.5","37.5","ดูข้อมูล"
"RF.YNW.03","ยานนาวา","ปตร.คลองวัดด่าน","09/10/2565 18:55","4.5","11.0","14.0","42.0","42.0","42.0","42.0","42.0","ดูข้อมูล"
"RF.YNW.03","ยานนาวา","ปตร.คลองวัดด่าน","09/10/2565 19:00","5.0","14.5","16.5","47.0","47.0","47.0","47.0","47.0","ดูข้อมูล"
"RF.YNW.03","ยานนาวา","ปตร.คลองวัดด่าน","09/10/2565 19:05","3.5","13.0","19.5","50.5","50.5","50.5","50.5","50.5","ดูข้อมูล"
"RF.YNW.03","ยานนาวา","ปตร.คลองวัดด่าน","09/10/2565 19:10","2.5","11.0","22.0","45.5","53.0","53.0","53.0","53.0","ดูข้อมูล"
"RF.YNW.03","ยานนาวา","ปตร.คลองวัดด่าน","09/10/2565 19:15","2.0","8.0","22.5","39.0","55.0","55.0","55.0","55.0","ดูข้อมูล"
"RF.YNW.03","ยานนาวา","ปตร.คลองวัดด่าน","09/10/2565 19:20","1.0","5.5","18.5","32.5","56.0","56.0","56.0","56.0","ดูข้อมูล"
"RF.YNW.03","ยานนาวา","ปตร.คลองวัดด่าน","09/10/2565 19:25","0.5","3.5","14.5","28.5","56.5","56.5","56.5","56.5","ดูข้อมูล"
"RF.YNW.03","ยานนาวา","ปตร.คลองวัดด่าน","09/10/2565 19:30","0.5","2.0","10.0","26.5","57.0","57.0","57.0","57.0","ดูข้อมูล"
"RF.YNW.03","ยานนาวา","ปตร.คลองวัดด่าน","09/10/2565 19:35","0.5","1.5","7.0","26.5","57.5","57.5","57.5","57.5","ดูข้อมูล"
"RF.YNW.03","ยานนาวา","ปตร.คลองวัดด่าน","09/10/2565 23:50","0.5","0.5","0.5","0.5","0.5","58.0","58.0","58.0","ดูข้อมูล"
"RF.YNW.03","ยานนาวา","ปตร.คลองวัดด่าน","10/07/2565 06:50","0.5","0.5","0.5","0.5","0.5","0.5","1.5","20.5","ดูข้อมูล"
"RF.YNW.03","ยานนาวา","ปตร.คลองวัดด่าน","10/09/2565 01:35","0.5","0.5","0.5","0.5","0.5","0.5","0.5","0.5","ดูข้อมูล"
"RF.YNW.03","ยานนาวา","ปตร.คลองวัดด่าน","10/09/2565 01:40","1.5","2.0","2.0","2.0","2.0","2.0","2.0","2.0","ดูข้อมูล"
"RF.YNW.03","ยานนาวา","ปตร.คลองวัดด่าน","10/09/2565 01:45","0.5","2.5","2.5","2.5","2.5","2.5","2.5","2.5","ดูข้อมูล"
"RF.YNW.03","ยานนาวา","ปตร.คลองวัดด่าน","10/09/2565 01:50","0.5","2.5","3.0","3.0","3.0","3.0","3.0","3.0","ดูข้อมูล"
"RF.YNW.03","ยานนาวา","ปตร.คลองวัดด่าน","10/09/2565 02:00","0.5","1.0","3.5","3.5","3.5","3.5","3.5","3.5","ดูข้อมูล"
"RF.YNW.03","ยานนาวา","ปตร.คลองวัดด่าน","10/09/2565 02:05","0.5","1.0","3.5","4.0","4.0","4.0","4.0","4.0","ดูข้อมูล"
"RF.YNW.03","ยานนาวา","ปตร.คลองวัดด่าน","10/09/2565 02:15","1.5","2.0","3.0","5.5","5.5","5.5","5.5","5.5","ดูข้อมูล"
"RF.YNW.03","ยานนาวา","ปตร.คลองวัดด่าน","10/09/2565 02:20","1.5","3.0","4.0","7.0","7.0","7.0","7.0","7.0","ดูข้อมูล"
"RF.YNW.03","ยานนาวา","ปตร.คลองวัดด่าน","10/09/2565 02:25","0.5","3.5","4.5","7.5","7.5","7.5","7.5","7.5","ดูข้อมูล"
"RF.YNW.03","ยานนาวา","ปตร.คลองวัดด่าน","10/09/2565 02:50","0.5","0.5","1.0","5.0","8.0","8.0","8.0","8.0","ดูข้อมูล"
"RF.YNW.03","ยานนาวา","ปตร.คลองวัดด่าน","10/09/2565 05:05","0.5","0.5","0.5","0.5","4.5","8.5","8.5","8.5","ดูข้อมูล"
"RF.YNW.03","ยานนาวา","ปตร.คลองวัดด่าน","10/10/2565 01:05","0.5","0.5","0.5","0.5","1.0","8.0","58.5","58.5","ดูข้อมูล"
"RF.YNW.03","ยานนาวา","ปตร.คลองวัดด่าน","10/10/2565 01:20","0.5","0.5","1.0","1.0","1.5","3.0","59.0","59.0","ดูข้อมูล"
"RF.YNW.03","ยานนาวา","ปตร.คลองวัดด่าน","10/10/2565 03:10","0.5","0.5","0.5","0.5","1.5","2.0","59.5","59.5","ดูข้อมูล"
"RF.YNW.03","ยานนาวา","ปตร.คลองวัดด่าน","10/10/2565 03:30","0.5","0.5","1.0","1.0","2.0","2.5","60.0","60.0","ดูข้อมูล"
"RF.YNW.03","ยานนาวา","ปตร.คลองวัดด่าน","10/10/2565 03:40","0.5","1.0","1.0","1.5","2.5","3.0","60.5","60.5","ดูข้อมูล"
"RF.YNW.03","ยานนาวา","ปตร.คลองวัดด่าน","10/10/2565 04:55","0.5","0.5","0.5","0.5","2.0","3.5","61.0","61.0","ดูข้อมูล"
"RF.YNW.03","ยานนาวา","ปตร.คลองวัดด่าน","10/10/2565 06:05","1.0","1.0","1.0","1.0","3.0","4.0","62.0","62.0","ดูข้อมูล"
"RF.YNW.03","ยานนาวา","ปตร.คลองวัดด่าน","10/10/2565 06:10","0.5","1.5","1.5","1.5","3.0","4.5","55.0","62.5","ดูข้อมูล"
"RF.YNW.03","ยานนาวา","ปตร.คลองวัดด่าน","10/10/2565 06:35","0.5","0.5","1.0","2.0","3.0","5.0","32.0","63.0","ดูข้อมูล"
"RF.YNW.03","ยานนาวา","ปตร.คลองวัดด่าน","11/07/2565 06:35","0.5","0.5","0.5","0.5","0.5","0.5","0.5","1.0","ดูข้อมูล"
"RF.YNW.03","ยานนาวา","ปตร.คลองวัดด่าน","11/08/2565 15:20","0.5","0.5","0.5","0.5","0.5","0.5","0.5","0.5","ดูข้อมูล"
"RF.YNW.03","ยานนาวา","ปตร.คลองวัดด่าน","11/08/2565 15:25","3.0","3.5","3.5","3.5","3.5","3.5","3.5","3.5","ดูข้อมูล"
"RF.YNW.03","ยานนาวา","ปตร.คลองวัดด่าน","11/08/2565 15:30","2.0","5.5","5.5","5.5","5.5","5.5","5.5","5.5","ดูข้อมูล"
"RF.YNW.03","ยานนาวา","ปตร.คลองวัดด่าน","11/08/2565 15:35","1.0","6.0","6.5","6.5","6.5","6.5","6.5","6.5","ดูข้อมูล"
"RF.YNW.03","ยานนาวา","ปตร.คลองวัดด่าน","11/08/2565 15:40","0.5","3.5","7.0","7.0","7.0","7.0","7.0","7.0","ดูข้อมูล"
"RF.YNW.03","ยานนาวา","ปตร.คลองวัดด่าน","11/08/2565 15:45","0.5","2.0","7.5","7.5","7.5","7.5","7.5","7.5","ดูข้อมูล"
"RF.YNW.03","ยานนาวา","ปตร.คลองวัดด่าน","11/08/2565 16:10","0.5","0.5","1.0","8.0","8.0","8.0","8.0","8.0","ดูข้อมูล"
"RF.YNW.03","ยานนาวา","ปตร.คลองวัดด่าน","11/08/2565 17:25","0.5","0.5","0.5","0.5","8.5","8.5","8.5","8.5","ดูข้อมูล"
"RF.YNW.03","ยานนาวา","ปตร.คลองวัดด่าน","11/08/2565 17:55","0.5","0.5","0.5","1.0","9.0","9.0","9.0","9.0","ดูข้อมูล"
"RF.YNW.03","ยานนาวา","ปตร.คลองวัดด่าน","12/07/2565 16:45","1.0","1.0","1.0","1.0","1.0","1.0","1.0","1.0","ดูข้อมูล"
"RF.YNW.03","ยานนาวา","ปตร.คลองวัดด่าน","12/07/2565 16:50","0.5","1.5","1.5","1.5","1.5","1.5","1.5","1.5","ดูข้อมูล"
"RF.YNW.03","ยานนาวา","ปตร.คลองวัดด่าน","12/07/2565 17:25","0.5","0.5","0.5","2.0","2.0","2.0","2.0","2.0","ดูข้อมูล"
"RF.YNW.03","ยานนาวา","ปตร.คลองวัดด่าน","12/07/2565 19:35","0.5","0.5","0.5","0.5","2.5","2.5","2.5","2.5","ดูข้อมูล"
"RF.YNW.03","ยานนาวา","ปตร.คลองวัดด่าน","12/08/2565 18:00","0.5","0.5","0.5","0.5","0.5","0.5","0.5","0.5","ดูข้อมูล"
"RF.YNW.03","ยานนาวา","ปตร.คลองวัดด่าน","12/08/2565 18:05","3.0","3.5","3.5","3.5","3.5","3.5","3.5","3.5","ดูข้อมูล"
"RF.YNW.03","ยานนาวา","ปตร.คลองวัดด่าน","12/08/2565 18:10","1.5","5.0","5.0","5.0","5.0","5.0","5.0","5.0","ดูข้อมูล"
"RF.YNW.03","ยานนาวา","ปตร.คลองวัดด่าน","13/06/2565 04:40","0.5","0.5","0.5","0.5","0.5","0.5","0.5","0.5","ดูข้อมูล"
"RF.YNW.03","ยานนาวา","ปตร.คลองวัดด่าน","13/06/2565 05:30","0.5","0.5","0.5","1.0","1.0","1.0","1.0","1.0","ดูข้อมูล"
"RF.YNW.03","ยานนาวา","ปตร.คลองวัดด่าน","13/07/2565 07:35","0.5","0.5","0.5","0.5","0.5","0.5","0.5","3.0","ดูข้อมูล"
"RF.YNW.03","ยานนาวา","ปตร.คลองวัดด่าน","13/07/2565 07:40","0.5","1.0","1.0","1.0","1.0","1.0","1.0","3.5","ดูข้อมูล"
"RF.YNW.03","ยานนาวา","ปตร.คลองวัดด่าน","13/07/2565 08:30","0.5","0.5","0.5","1.5","1.5","1.5","1.5","4.0","ดูข้อมูล"
"RF.YNW.03","ยานนาวา","ปตร.คลองวัดด่าน","13/07/2565 09:30","0.5","0.5","0.5","0.5","2.0","2.0","2.0","4.5","ดูข้อมูล"
"RF.YNW.03","ยานนาวา","ปตร.คลองวัดด่าน","13/07/2565 09:35","0.5","1.0","1.0","1.0","2.5","2.5","2.5","5.0","ดูข้อมูล"
"RF.YNW.03","ยานนาวา","ปตร.คลองวัดด่าน","13/07/2565 09:40","0.5","1.5","1.5","1.5","3.0","3.0","3.0","5.5","ดูข้อมูล"
"RF.YNW.03","ยานนาวา","ปตร.คลองวัดด่าน","13/07/2565 09:45","0.5","1.5","2.0","2.0","3.5","3.5","3.5","6.0","ดูข้อมูล"
"RF.YNW.03","ยานนาวา","ปตร.คลองวัดด่าน","13/07/2565 09:55","0.5","1.0","2.5","2.5","4.0","4.0","4.0","6.5","ดูข้อมูล"
"RF.YNW.03","ยานนาวา","ปตร.คลองวัดด่าน","13/07/2565 11:40","0.5","0.5","0.5","0.5","3.0","4.5","4.5","7.0","ดูข้อมูล"
"RF.YNW.03","ยานนาวา","ปตร.คลองวัดด่าน","13/07/2565 12:15","0.5","0.5","0.5","1.0","3.5","5.0","5.0","7.5","ดูข้อมูล"
"RF.YNW.03","ยานนาวา","ปตร.คลองวัดด่าน","13/07/2565 17:10","0.5","0.5","0.5","0.5","0.5","1.5","5.5","6.5","ดูข้อมูล"
"RF.YNW.03","ยานนาวา","ปตร.คลองวัดด่าน","13/09/2565 14:50","1.0","1.0","1.0","1.0","1.0","1.0","1.0","1.0","ดูข้อมูล"
"RF.YNW.03","ยานนาวา","ปตร.คลองวัดด่าน","13/09/2565 14:55","1.5","2.5","2.5","2.5","2.5","2.5","2.5","2.5","ดูข้อมูล"
"RF.YNW.03","ยานนาวา","ปตร.คลองวัดด่าน","13/09/2565 15:00","2.0","4.5","4.5","4.5","4.5","4.5","4.5","4.5","ดูข้อมูล"
"RF.YNW.03","ยานนาวา","ปตร.คลองวัดด่าน","13/09/2565 15:05","1.5","5.0","6.0","6.0","6.0","6.0","6.0","6.0","ดูข้อมูล"
"RF.YNW.03","ยานนาวา","ปตร.คลองวัดด่าน","13/09/2565 15:10","2.0","5.5","8.0","8.0","8.0","8.0","8.0","8.0","ดูข้อมูล"
"RF.YNW.03","ยานนาวา","ปตร.คลองวัดด่าน","13/09/2565 15:15","2.5","6.0","10.5","10.5","10.5","10.5","10.5","10.5","ดูข้อมูล"
"RF.YNW.03","ยานนาวา","ปตร.คลองวัดด่าน","13/09/2565 15:20","1.5","6.0","11.0","12.0","12.0","12.0","12.0","12.0","ดูข้อมูล"
"RF.YNW.03","ยานนาวา","ปตร.คลองวัดด่าน","13/09/2565 15:25","1.5","5.5","11.0","13.5","13.5","13.5","13.5","13.5","ดูข้อมูล"
"RF.YNW.03","ยานนาวา","ปตร.คลองวัดด่าน","13/09/2565 15:30","0.5","3.5","9.5","14.0","14.0","14.0","14.0","14.0","ดูข้อมูล"
"RF.YNW.03","ยานนาวา","ปตร.คลองวัดด่าน","13/09/2565 15:35","0.5","2.5","8.5","14.5","14.5","14.5","14.5","14.5","ดูข้อมูล"
"RF.YNW.03","ยานนาวา","ปตร.คลองวัดด่าน","13/09/2565 15:40","0.5","1.5","7.0","15.0","15.0","15.0","15.0","15.0","ดูข้อมูล"
"RF.YNW.03","ยานนาวา","ปตร.คลองวัดด่าน","13/09/2565 15:55","0.5","0.5","2.0","13.0","15.5","15.5","15.5","15.5","ดูข้อมูล"
"RF.YNW.03","ยานนาวา","ปตร.คลองวัดด่าน","13/09/2565 22:40","0.5","0.5","0.5","0.5","0.5","0.5","16.0","16.0","ดูข้อมูล"
"RF.YNW.03","ยานนาวา","ปตร.คลองวัดด่าน","13/09/2565 23:00","1.0","1.0","1.5","1.5","1.5","1.5","17.0","17.0","ดูข้อมูล"
"RF.YNW.03","ยานนาวา","ปตร.คลองวัดด่าน","13/09/2565 23:05","1.0","2.0","2.5","2.5","2.5","2.5","18.0","18.0","ดูข้อมูล"
"RF.YNW.03","ยานนาวา","ปตร.คลองวัดด่าน","13/09/2565 23:55","0.5","0.5","0.5","2.5","3.0","3.0","18.5","18.5","ดูข้อมูล"
"RF.YNW.03","ยานนาวา","ปตร.คลองวัดด่าน","14/07/2565 16:40","0.5","0.5","0.5","0.5","0.5","0.5","0.5","1.0","ดูข้อมูล"
"RF.YNW.03","ยานนาวา","ปตร.คลองวัดด่าน","14/07/2565 20:15","0.5","0.5","0.5","0.5","0.5","1.0","1.0","1.0","ดูข้อมูล"
"RF.YNW.03","ยานนาวา","ปตร.คลองวัดด่าน","14/07/2565 20:20","0.5","1.0","1.0","1.0","1.0","1.5","1.5","1.5","ดูข้อมูล"
"RF.YNW.03","ยานนาวา","ปตร.คลองวัดด่าน","14/07/2565 20:25","0.5","1.5","1.5","1.5","1.5","2.0","2.0","2.0","ดูข้อมูล"
"RF.YNW.03","ยานนาวา","ปตร.คลองวัดด่าน","14/07/2565 20:30","1.0","2.0","2.5","2.5","2.5","3.0","3.0","3.0","ดูข้อมูล"
"RF.YNW.03","ยานนาวา","ปตร.คลองวัดด่าน","14/07/2565 20:35","0.5","2.0","3.0","3.0","3.0","3.5","3.5","3.5","ดูข้อมูล"
"RF.YNW.03","ยานนาวา","ปตร.คลองวัดด่าน","14/07/2565 20:40","1.0","2.5","4.0","4.0","4.0","4.5","4.5","4.5","ดูข้อมูล"
"RF.YNW.03","ยานนาวา","ปตร.คลองวัดด่าน","14/07/2565 20:45","1.0","2.5","4.5","5.0","5.0","5.5","5.5","5.5","ดูข้อมูล"
"RF.YNW.03","ยานนาวา","ปตร.คลองวัดด่าน","14/07/2565 20:50","1.5","3.5","5.5","6.5","6.5","7.0","7.0","7.0","ดูข้อมูล"
"RF.YNW.03","ยานนาวา","ปตร.คลองวัดด่าน","14/07/2565 20:55","1.5","4.0","6.5","8.0","8.0","8.5","8.5","8.5","ดูข้อมูล"
"RF.YNW.03","ยานนาวา","ปตร.คลองวัดด่าน","14/07/2565 21:00","2.0","5.0","7.5","10.0","10.0","10.5","10.5","10.5","ดูข้อมูล"
"RF.YNW.03","ยานนาวา","ปตร.คลองวัดด่าน","14/07/2565 21:05","1.5","5.0","8.5","11.5","11.5","12.0","12.0","12.0","ดูข้อมูล"
"RF.YNW.03","ยานนาวา","ปตร.คลองวัดด่าน","14/07/2565 21:10","0.5","4.0","8.0","12.0","12.0","12.5","12.5","12.5","ดูข้อมูล"
"RF.YNW.03","ยานนาวา","ปตร.คลองวัดด่าน","14/07/2565 21:15","0.5","2.5","7.5","12.0","12.5","13.0","13.0","13.0","ดูข้อมูล"
"RF.YNW.03","ยานนาวา","ปตร.คลองวัดด่าน","14/07/2565 21:20","0.5","1.5","6.5","12.0","13.0","13.5","13.5","13.5","ดูข้อมูล"
"RF.YNW.03","ยานนาวา","ปตร.คลองวัดด่าน","14/07/2565 21:55","0.5","0.5","0.5","5.5","13.5","14.0","14.0","14.0","ดูข้อมูล"
"RF.YNW.03","ยานนาวา","ปตร.คลองวัดด่าน","14/07/2565 22:30","0.5","0.5","0.5","1.0","14.0","14.5","14.5","14.5","ดูข้อมูล"
"RF.YNW.03","ยานนาวา","ปตร.คลองวัดด่าน","14/07/2565 23:55","0.5","0.5","0.5","0.5","6.5","14.5","15.0","15.0","ดูข้อมูล"
"RF.YNW.03","ยานนาวา","ปตร.คลองวัดด่าน","14/09/2565 14:05","1.0","1.0","1.0","1.0","1.0","1.0","1.0","19.5","ดูข้อมูล"
"RF.YNW.03","ยานนาวา","ปตร.คลองวัดด่าน","14/09/2565 14:10","1.0","2.0","2.0","2.0","2.0","2.0","2.0","20.5","ดูข้อมูล"
"RF.YNW.03","ยานนาวา","ปตร.คลองวัดด่าน","14/09/2565 14:15","1.0","3.0","3.0","3.0","3.0","3.0","3.0","21.5","ดูข้อมูล"
"RF.YNW.03","ยานนาวา","ปตร.คลองวัดด่าน","14/09/2565 14:20","0.5","2.5","3.5","3.5","3.5","3.5","3.5","22.0","ดูข้อมูล"
"RF.YNW.03","ยานนาวา","ปตร.คลองวัดด่าน","14/09/2565 18:45","0.5","0.5","0.5","0.5","0.5","4.0","4.0","7.0","ดูข้อมูล"
"RF.YNW.03","ยานนาวา","ปตร.คลองวัดด่าน","14/09/2565 18:50","7.5","8.0","8.0","8.0","8.0","11.5","11.5","14.5","ดูข้อมูล"
"RF.YNW.03","ยานนาวา","ปตร.คลองวัดด่าน","14/09/2565 18:55","8.5","16.5","16.5","16.5","16.5","20.0","20.0","23.0","ดูข้อมูล"
"RF.YNW.03","ยานนาวา","ปตร.คลองวัดด่าน","14/09/2565 19:00","8.0","24.0","24.5","24.5","24.5","28.0","28.0","31.0","ดูข้อมูล"
"RF.YNW.03","ยานนาวา","ปตร.คลองวัดด่าน","14/09/2565 19:05","7.0","23.5","31.5","31.5","31.5","35.0","35.0","38.0","ดูข้อมูล"
"RF.YNW.03","ยานนาวา","ปตร.คลองวัดด่าน","14/09/2565 19:10","5.0","20.0","36.5","36.5","36.5","40.0","40.0","43.0","ดูข้อมูล"
"RF.YNW.03","ยานนาวา","ปตร.คลองวัดด่าน","14/09/2565 19:15","2.0","14.0","38.0","38.5","38.5","42.0","42.0","45.0","ดูข้อมูล"
"RF.YNW.03","ยานนาวา","ปตร.คลองวัดด่าน","14/09/2565 19:20","1.0","8.0","31.5","39.5","39.5","43.0","43.0","46.0","ดูข้อมูล"
"RF.YNW.03","ยานนาวา","ปตร.คลองวัดด่าน","14/09/2565 19:25","1.5","4.5","24.5","41.0","41.0","44.5","44.5","47.5","ดูข้อมูล"
"RF.YNW.03","ยานนาวา","ปตร.คลองวัดด่าน","14/09/2565 19:30","1.5","4.0","18.0","42.5","42.5","46.0","46.0","49.0","ดูข้อมูล"
"RF.YNW.03","ยานนาวา","ปตร.คลองวัดด่าน","14/09/2565 19:35","0.5","3.5","11.5","43.0","43.0","46.5","46.5","49.5","ดูข้อมูล"
"RF.YNW.03","ยานนาวา","ปตร.คลองวัดด่าน","14/09/2565 19:40","1.5","3.5","8.0","44.5","44.5","48.0","48.0","51.0","ดูข้อมูล"
"RF.YNW.03","ยานนาวา","ปตร.คลองวัดด่าน","14/09/2565 19:45","1.5","3.5","7.5","45.5","46.0","49.5","49.5","52.5","ดูข้อมูล"
"RF.YNW.03","ยานนาวา","ปตร.คลองวัดด่าน","14/09/2565 19:50","0.5","3.5","7.0","38.5","46.5","50.0","50.0","53.0","ดูข้อมูล"
"RF.YNW.03","ยานนาวา","ปตร.คลองวัดด่าน","14/09/2565 19:55","1.5","3.5","7.0","31.5","48.0","51.5","51.5","54.5","ดูข้อมูล"
"RF.YNW.03","ยานนาวา","ปตร.คลองวัดด่าน","14/09/2565 20:00","4.0","6.0","9.5","27.5","52.0","55.5","55.5","58.5","ดูข้อมูล"
"RF.YNW.03","ยานนาวา","ปตร.คลองวัดด่าน","14/09/2565 20:05","1.5","7.0","10.5","22.0","53.5","56.0","57.0","60.0","ดูข้อมูล"
"RF.YNW.03","ยานนาวา","ปตร.คลองวัดด่าน","14/09/2565 20:10","1.5","7.0","10.5","18.5","55.0","56.5","58.5","61.5","ดูข้อมูล"
"RF.YNW.03","ยานนาวา","ปตร.คลองวัดด่าน","14/09/2565 20:15","0.5","3.5","9.5","17.0","55.5","56.0","59.0","62.0","ดูข้อมูล"
"RF.YNW.03","ยานนาวา","ปตร.คลองวัดด่าน","14/09/2565 20:20","0.5","2.5","9.5","16.5","56.0","56.0","59.5","62.5","ดูข้อมูล"
"RF.YNW.03","ยานนาวา","ปตร.คลองวัดด่าน","14/09/2565 20:25","0.5","1.5","8.5","15.5","56.5","56.5","60.0","63.0","ดูข้อมูล"
"RF.YNW.03","ยานนาวา","ปตร.คลองวัดด่าน","14/09/2565 20:30","0.5","1.5","5.0","14.5","57.0","57.0","60.5","63.5","ดูข้อมูล"
"RF.YNW.03","ยานนาวา","ปตร.คลองวัดด่าน","14/09/2565 20:45","0.5","0.5","2.0","11.5","57.5","57.5","61.0","64.0","ดูข้อมูล"
"RF.YNW.03","ยานนาวา","ปตร.คลองวัดด่าน","14/09/2565 21:30","0.5","0.5","0.5","1.0","58.0","58.0","61.5","64.5","ดูข้อมูล"
"RF.YNW.03","ยานนาวา","ปตร.คลองวัดด่าน","15/06/2565 03:50","0.5","0.5","0.5","0.5","0.5","0.5","0.5","0.5","ดูข้อมูล"
"RF.YNW.03","ยานนาวา","ปตร.คลองวัดด่าน","15/08/2565 17:05","0.5","0.5","0.5","0.5","0.5","0.5","0.5","0.5","ดูข้อมูล"
"RF.YNW.03","ยานนาวา","ปตร.คลองวัดด่าน","15/08/2565 17:10","0.5","1.0","1.0","1.0","1.0","1.0","1.0","1.0","ดูข้อมูล"
"RF.YNW.03","ยานนาวา","ปตร.คลองวัดด่าน","15/08/2565 17:20","0.5","1.0","1.5","1.5","1.5","1.5","1.5","1.5","ดูข้อมูล"
"RF.YNW.03","ยานนาวา","ปตร.คลองวัดด่าน","15/08/2565 17:25","1.5","2.0","3.0","3.0","3.0","3.0","3.0","3.0","ดูข้อมูล"
"RF.YNW.03","ยานนาวา","ปตร.คลองวัดด่าน","15/08/2565 17:30","0.5","2.5","3.5","3.5","3.5","3.5","3.5","3.5","ดูข้อมูล"
"RF.YNW.03","ยานนาวา","ปตร.คลองวัดด่าน","15/08/2565 18:30","0.5","0.5","0.5","0.5","4.0","4.0","4.0","4.0","ดูข้อมูล"
"RF.YNW.03","ยานนาวา","ปตร.คลองวัดด่าน","15/08/2565 18:35","4.5","5.0","5.0","5.0","8.5","8.5","8.5","8.5","ดูข้อมูล"
"RF.YNW.03","ยานนาวา","ปตร.คลองวัดด่าน","15/08/2565 18:40","6.5","11.5","11.5","11.5","15.0","15.0","15.0","15.0","ดูข้อมูล"
"RF.YNW.03","ยานนาวา","ปตร.คลองวัดด่าน","15/08/2565 18:45","1.5","12.5","13.0","13.0","16.5","16.5","16.5","16.5","ดูข้อมูล"
"RF.YNW.03","ยานนาวา","ปตร.คลองวัดด่าน","15/08/2565 19:05","0.5","0.5","8.5","13.5","17.0","17.0","17.0","17.0","ดูข้อมูล"
"RF.YNW.03","ยานนาวา","ปตร.คลองวัดด่าน","15/08/2565 19:10","0.5","1.0","2.5","14.0","17.5","17.5","17.5","17.5","ดูข้อมูล"
"RF.YNW.03","ยานนาวา","ปตร.คลองวัดด่าน","15/08/2565 19:30","0.5","0.5","1.5","14.0","18.0","18.0","18.0","18.0","ดูข้อมูล"
"RF.YNW.03","ยานนาวา","ปตร.คลองวัดด่าน","15/08/2565 19:35","1.0","1.5","2.0","10.5","19.0","19.0","19.0","19.0","ดูข้อมูล"
"RF.YNW.03","ยานนาวา","ปตร.คลองวัดด่าน","15/08/2565 19:40","1.5","3.0","3.0","5.5","20.5","20.5","20.5","20.5","ดูข้อมูล"
"RF.YNW.03","ยานนาวา","ปตร.คลองวัดด่าน","15/08/2565 19:45","2.5","5.0","5.5","6.5","23.0","23.0","23.0","23.0","ดูข้อมูล"
"RF.YNW.03","ยานนาวา","ปตร.คลองวัดด่าน","15/08/2565 19:50","7.5","11.5","13.0","14.0","30.5","30.5","30.5","30.5","ดูข้อมูล"
"RF.YNW.03","ยานนาวา","ปตร.คลองวัดด่าน","15/08/2565 19:55","7.0","17.0","20.0","21.0","37.5","37.5","37.5","37.5","ดูข้อมูล"
"RF.YNW.03","ยานนาวา","ปตร.คลองวัดด่าน","15/08/2565 20:00","4.5","19.0","24.0","25.5","42.0","42.0","42.0","42.0","ดูข้อมูล"
"RF.YNW.03","ยานนาวา","ปตร.คลองวัดด่าน","15/08/2565 20:05","3.0","14.5","26.0","28.0","44.5","45.0","45.0","45.0","ดูข้อมูล"
"RF.YNW.03","ยานนาวา","ปตร.คลองวัดด่าน","15/08/2565 20:10","1.5","9.0","26.0","29.0","45.5","46.5","46.5","46.5","ดูข้อมูล"
"RF.YNW.03","ยานนาวา","ปตร.คลองวัดด่าน","15/08/2565 20:15","1.5","6.0","25.0","30.5","47.0","48.0","48.0","48.0","ดูข้อมูล"
"RF.YNW.03","ยานนาวา","ปตร.คลองวัดด่าน","15/08/2565 20:20","0.5","3.5","18.0","31.0","47.0","48.5","48.5","48.5","ดูข้อมูล"
"RF.YNW.03","ยานนาวา","ปตร.คลองวัดด่าน","15/08/2565 20:25","0.5","2.5","11.5","31.5","46.0","49.0","49.0","49.0","ดูข้อมูล"
"RF.YNW.03","ยานนาวา","ปตร.คลองวัดด่าน","15/08/2565 20:30","0.5","1.5","7.5","31.5","46.0","49.5","49.5","49.5","ดูข้อมูล"
"RF.YNW.03","ยานนาวา","ปตร.คลองวัดด่าน","15/08/2565 20:40","0.5","1.0","3.5","29.5","46.5","50.0","50.0","50.0","ดูข้อมูล"
"RF.YNW.03","ยานนาวา","ปตร.คลองวัดด่าน","15/08/2565 20:45","0.5","1.0","2.5","27.5","47.0","50.5","50.5","50.5","ดูข้อมูล"
"RF.YNW.03","ยานนาวา","ปตร.คลองวัดด่าน","15/08/2565 20:50","0.5","1.5","2.5","20.5","47.5","51.0","51.0","51.0","ดูข้อมูล"
"RF.YNW.03","ยานนาวา","ปตร.คลองวัดด่าน","15/08/2565 20:55","0.5","1.5","2.5","14.0","48.0","51.5","51.5","51.5","ดูข้อมูล"
"RF.YNW.03","ยานนาวา","ปตร.คลองวัดด่าน","15/08/2565 21:00","0.5","1.5","2.5","10.0","48.5","52.0","52.0","52.0","ดูข้อมูล"
"RF.YNW.03","ยานนาวา","ปตร.คลองวัดด่าน","15/08/2565 21:05","0.5","1.5","3.0","7.5","49.0","52.5","52.5","52.5","ดูข้อมูล"
"RF.YNW.03","ยานนาวา","ปตร.คลองวัดด่าน","15/08/2565 21:10","1.0","2.0","3.5","7.0","50.0","53.5","53.5","53.5","ดูข้อมูล"
"RF.YNW.03","ยานนาวา","ปตร.คลองวัดด่าน","15/08/2565 21:20","0.5","1.5","3.0","5.5","50.5","54.0","54.0","54.0","ดูข้อมูล"
"RF.YNW.03","ยานนาวา","ปตร.คลองวัดด่าน","15/08/2565 21:25","0.5","1.0","3.0","5.5","51.0","54.5","54.5","54.5","ดูข้อมูล"
"RF.YNW.03","ยานนาวา","ปตร.คลองวัดด่าน","15/08/2565 21:30","0.5","1.5","3.0","5.5","51.0","55.0","55.0","55.0","ดูข้อมูล"
"RF.YNW.03","ยานนาวา","ปตร.คลองวัดด่าน","15/08/2565 21:40","0.5","1.0","2.0","5.5","40.5","55.5","55.5","55.5","ดูข้อมูล"
"RF.YNW.03","ยานนาวา","ปตร.คลองวัดด่าน","15/08/2565 21:45","0.5","1.0","2.5","5.5","39.5","56.0","56.0","56.0","ดูข้อมูล"
"RF.YNW.03","ยานนาวา","ปตร.คลองวัดด่าน","15/08/2565 21:50","0.5","1.5","2.5","5.5","40.0","56.5","56.5","56.5","ดูข้อมูล"
"RF.YNW.03","ยานนาวา","ปตร.คลองวัดด่าน","15/08/2565 21:55","0.5","1.5","2.5","5.5","40.5","57.0","57.0","57.0","ดูข้อมูล"
"RF.YNW.03","ยานนาวา","ปตร.คลองวัดด่าน","15/08/2565 22:00","0.5","1.5","2.5","5.5","41.0","57.5","57.5","57.5","ดูข้อมูล"
"RF.YNW.03","ยานนาวา","ปตร.คลองวัดด่าน","15/08/2565 22:10","0.5","1.0","2.5","4.5","40.5","58.0","58.0","58.0","ดูข้อมูล"
"RF.YNW.03","ยานนาวา","ปตร.คลองวัดด่าน","15/08/2565 22:20","0.5","1.0","2.0","4.5","41.0","58.5","58.5","58.5","ดูข้อมูล"
"RF.YNW.03","ยานนาวา","ปตร.คลองวัดด่าน","15/08/2565 22:25","0.5","1.0","2.0","4.5","41.5","59.0","59.0","59.0","ดูข้อมูล"
"RF.YNW.03","ยานนาวา","ปตร.คลองวัดด่าน","15/08/2565 22:45","0.5","0.5","1.5","3.5","36.5","59.5","59.5","59.5","ดูข้อมูล"
"RF.YNW.03","ยานนาวา","ปตร.คลองวัดด่าน","15/08/2565 22:50","0.5","1.0","1.5","3.5","29.5","60.0","60.0","60.0","ดูข้อมูล"
"RF.YNW.03","ยานนาวา","ปตร.คลองวัดด่าน","15/08/2565 23:00","0.5","1.0","1.5","3.0","18.5","60.5","60.5","60.5","ดูข้อมูล"
"RF.YNW.03","ยานนาวา","ปตร.คลองวัดด่าน","15/08/2565 23:05","0.5","1.0","2.0","3.5","16.0","60.5","61.0","61.0","ดูข้อมูล"
"RF.YNW.03","ยานนาวา","ปตร.คลองวัดด่าน","15/08/2565 23:45","0.5","0.5","0.5","2.0","11.0","58.0","61.5","61.5","ดูข้อมูล"
"RF.YNW.03","ยานนาวา","ปตร.คลองวัดด่าน","15/09/2565 14:35","1.5","1.5","1.5","1.5","1.5","1.5","1.5","59.5","ดูข้อมูล"
"RF.YNW.03","ยานนาวา","ปตร.คลองวัดด่าน","15/09/2565 14:40","0.5","2.0","2.0","2.0","2.0","2.0","2.0","60.0","ดูข้อมูล"
"RF.YNW.03","ยานนาวา","ปตร.คลองวัดด่าน","16/06/2565 06:35","0.5","0.5","0.5","0.5","0.5","0.5","0.5","0.5","ดูข้อมูล"
"RF.YNW.03","ยานนาวา","ปตร.คลองวัดด่าน","16/06/2565 06:40","1.0","1.5","1.5","1.5","1.5","1.5","1.5","1.5","ดูข้อมูล"
"RF.YNW.03","ยานนาวา","ปตร.คลองวัดด่าน","16/06/2565 06:45","0.5","2.0","2.0","2.0","2.0","2.0","2.0","2.0","ดูข้อมูล"
"RF.YNW.03","ยานนาวา","ปตร.คลองวัดด่าน","16/06/2565 06:50","3.0","4.5","5.0","5.0","5.0","5.0","5.0","5.0","ดูข้อมูล"
"RF.YNW.03","ยานนาวา","ปตร.คลองวัดด่าน","16/06/2565 06:55","0.5","4.0","5.5","5.5","5.5","5.5","5.5","5.5","ดูข้อมูล"
"RF.YNW.03","ยานนาวา","ปตร.คลองวัดด่าน","16/06/2565 10:40","0.5","0.5","0.5","0.5","0.5","6.0","6.0","6.0","ดูข้อมูล"
"RF.YNW.03","ยานนาวา","ปตร.คลองวัดด่าน","16/06/2565 11:45","0.5","0.5","0.5","0.5","1.0","6.5","6.5","6.5","ดูข้อมูล"
"RF.YNW.03","ยานนาวา","ปตร.คลองวัดด่าน","16/06/2565 15:20","0.5","0.5","0.5","0.5","0.5","1.5","7.0","7.0","ดูข้อมูล"
"RF.YNW.03","ยานนาวา","ปตร.คลองวัดด่าน","16/07/2565 21:00","0.5","0.5","0.5","0.5","0.5","0.5","0.5","0.5","ดูข้อมูล"
"RF.YNW.03","ยานนาวา","ปตร.คลองวัดด่าน","16/07/2565 21:10","1.0","1.5","1.5","1.5","1.5","1.5","1.5","1.5","ดูข้อมูล"
"RF.YNW.03","ยานนาวา","ปตร.คลองวัดด่าน","16/07/2565 21:20","0.5","1.5","2.0","2.0","2.0","2.0","2.0","2.0","ดูข้อมูล"
"RF.YNW.03","ยานนาวา","ปตร.คลองวัดด่าน","16/07/2565 22:00","0.5","0.5","0.5","2.0","2.5","2.5","2.5","2.5","ดูข้อมูล"
"RF.YNW.03","ยานนาวา","ปตร.คลองวัดด่าน","16/07/2565 22:10","0.5","1.0","1.0","1.5","3.0","3.0","3.0","3.0","ดูข้อมูล"
"RF.YNW.03","ยานนาวา","ปตร.คลองวัดด่าน","16/07/2565 23:10","0.5","0.5","0.5","0.5","3.5","3.5","3.5","3.5","ดูข้อมูล"
"RF.YNW.03","ยานนาวา","ปตร.คลองวัดด่าน","16/08/2565 00:40","0.5","0.5","0.5","1.0","6.5","47.0","62.0","62.0","ดูข้อมูล"
"RF.YNW.03","ยานนาวา","ปตร.คลองวัดด่าน","16/08/2565 00:45","0.5","1.0","1.0","1.0","6.5","46.0","62.5","62.5","ดูข้อมูล"
"RF.YNW.03","ยานนาวา","ปตร.คลองวัดด่าน","16/08/2565 00:50","0.5","1.5","1.5","1.5","6.5","46.5","63.0","63.0","ดูข้อมูล"
"RF.YNW.03","ยานนาวา","ปตร.คลองวัดด่าน","16/08/2565 01:00","0.5","1.0","2.0","2.0","6.0","47.0","63.5","63.5","ดูข้อมูล"
"RF.YNW.03","ยานนาวา","ปตร.คลองวัดด่าน","16/08/2565 01:40","0.5","0.5","0.5","2.0","5.0","43.5","64.0","64.0","ดูข้อมูล"
"RF.YNW.03","ยานนาวา","ปตร.คลองวัดด่าน","16/08/2565 01:55","0.5","0.5","1.0","1.5","4.5","27.0","64.5","64.5","ดูข้อมูล"
"RF.YNW.03","ยานนาวา","ปตร.คลองวัดด่าน","16/08/2565 02:55","0.5","0.5","0.5","0.5","3.5","13.5","65.0","65.0","ดูข้อมูล"
"RF.YNW.03","ยานนาวา","ปตร.คลองวัดด่าน","16/09/2565 23:50","1.5","1.5","1.5","1.5","1.5","1.5","1.5","1.5","ดูข้อมูล"
"RF.YNW.03","ยานนาวา","ปตร.คลองวัดด่าน","17/06/2565 04:20","0.5","0.5","0.5","0.5","0.5","0.5","0.5","7.5","ดูข้อมูล"
"RF.YNW.03","ยานนาวา","ปตร.คลองวัดด่าน","17/06/2565 04:25","0.5","1.0","1.0","1.0","1.0","1.0","1.0","8.0","ดูข้อมูล"
"RF.YNW.03","ยานนาวา","ปตร.คลองวัดด่าน","17/07/2565 00:50","0.5","0.5","0.5","0.5","2.0","4.0","4.0","4.0","ดูข้อมูล"
"RF.YNW.03","ยานนาวา","ปตร.คลองวัดด่าน","17/07/2565 19:10","1.0","1.0","1.0","1.0","1.0","1.0","1.0","5.0","ดูข้อมูล"
"RF.YNW.03","ยานนาวา","ปตร.คลองวัดด่าน","17/07/2565 19:15","1.0","2.0","2.0","2.0","2.0","2.0","2.0","6.0","ดูข้อมูล"
"RF.YNW.03","ยานนาวา","ปตร.คลองวัดด่าน","17/07/2565 19:20","0.5","2.5","2.5","2.5","2.5","2.5","2.5","6.5","ดูข้อมูล"
"RF.YNW.03","ยานนาวา","ปตร.คลองวัดด่าน","17/08/2565 02:55","0.5","0.5","0.5","0.5","0.5","0.5","0.5","0.5","ดูข้อมูล"
"RF.YNW.03","ยานนาวา","ปตร.คลองวัดด่าน","17/09/2565 09:15","0.5","0.5","0.5","0.5","0.5","0.5","2.0","2.0","ดูข้อมูล"
"RF.YNW.03","ยานนาวา","ปตร.คลองวัดด่าน","17/09/2565 19:50","1.5","1.5","1.5","1.5","1.5","1.5","2.0","3.5","ดูข้อมูล"
"RF.YNW.03","ยานนาวา","ปตร.คลองวัดด่าน","17/09/2565 20:55","0.5","0.5","0.5","0.5","2.0","2.0","2.5","4.0","ดูข้อมูล"
"RF.YNW.03","ยานนาวา","ปตร.คลองวัดด่าน","18/07/2565 17:35","1.0","1.0","1.0","1.0","1.0","1.0","1.0","3.5","ดูข้อมูล"
"RF.YNW.03","ยานนาวา","ปตร.คลองวัดด่าน","18/07/2565 18:40","0.5","0.5","0.5","0.5","1.5","1.5","1.5","4.0","ดูข้อมูล"
"RF.YNW.03","ยานนาวา","ปตร.คลองวัดด่าน","18/07/2565 18:45","0.5","1.0","1.0","1.0","2.0","2.0","2.0","4.5","ดูข้อมูล"
"RF.YNW.03","ยานนาวา","ปตร.คลองวัดด่าน","18/07/2565 18:50","0.5","1.5","1.5","1.5","2.5","2.5","2.5","5.0","ดูข้อมูล"
"RF.YNW.03","ยานนาวา","ปตร.คลองวัดด่าน","18/07/2565 18:55","1.0","2.0","2.5","2.5","3.5","3.5","3.5","6.0","ดูข้อมูล"
"RF.YNW.03","ยานนาวา","ปตร.คลองวัดด่าน","18/08/2565 17:00","0.5","0.5","0.5","0.5","0.5","0.5","0.5","0.5","ดูข้อมูล"
"RF.YNW.03","ยานนาวา","ปตร.คลองวัดด่าน","18/09/2565 20:10","2.5","2.5","2.5","2.5","2.5","2.5","2.5","3.0","ดูข้อมูล"
"RF.YNW.03","ยานนาวา","ปตร.คลองวัดด่าน","18/09/2565 20:15","4.0","6.5","6.5","6.5","6.5","6.5","6.5","7.0","ดูข้อมูล"
"RF.YNW.03","ยานนาวา","ปตร.คลองวัดด่าน","18/09/2565 20:20","1.5","8.0","8.0","8.0","8.0","8.0","8.0","8.5","ดูข้อมูล"
"RF.YNW.03","ยานนาวา","ปตร.คลองวัดด่าน","18/09/2565 20:25","1.0","6.5","9.0","9.0","9.0","9.0","9.0","9.5","ดูข้อมูล"
"RF.YNW.03","ยานนาวา","ปตร.คลองวัดด่าน","18/09/2565 20:40","0.5","0.5","7.0","9.5","9.5","9.5","9.5","10.0","ดูข้อมูล"
"RF.YNW.03","ยานนาวา","ปตร.คลองวัดด่าน","18/09/2565 21:15","0.5","0.5","0.5","3.5","10.0","10.0","10.0","10.0","ดูข้อมูล"
"RF.YNW.03","ยานนาวา","ปตร.คลองวัดด่าน","18/09/2565 21:25","0.5","1.0","1.0","1.5","10.5","10.5","10.5","10.5","ดูข้อมูล"
"RF.YNW.03","ยานนาวา","ปตร.คลองวัดด่าน","18/09/2565 21:35","0.5","1.0","1.5","2.0","11.0","11.0","11.0","11.0","ดูข้อมูล"
"RF.YNW.03","ยานนาวา","ปตร.คลองวัดด่าน","19/06/2565 19:05","0.5","0.5","0.5","0.5","0.5","0.5","0.5","0.5","ดูข้อมูล"
"RF.YNW.03","ยานนาวา","ปตร.คลองวัดด่าน","19/06/2565 19:10","3.0","3.5","3.5","3.5","3.5","3.5","3.5","3.5","ดูข้อมูล"
"RF.YNW.03","ยานนาวา","ปตร.คลองวัดด่าน","19/06/2565 19:15","5.0","8.5","8.5","8.5","8.5","8.5","8.5","8.5","ดูข้อมูล"
"RF.YNW.03","ยานนาวา","ปตร.คลองวัดด่าน","19/06/2565 19:20","5.0","13.0","13.5","13.5","13.5","13.5","13.5","13.5","ดูข้อมูล"
"RF.YNW.03","ยานนาวา","ปตร.คลองวัดด่าน","19/06/2565 19:25","7.0","17.0","20.5","20.5","20.5","20.5","20.5","20.5","ดูข้อมูล"
"RF.YNW.03","ยานนาวา","ปตร.คลองวัดด่าน","19/06/2565 19:30","10.0","22.0","30.5","30.5","30.5","30.5","30.5","30.5","ดูข้อมูล"
"RF.YNW.03","ยานนาวา","ปตร.คลองวัดด่าน","19/06/2565 19:35","8.5","25.5","38.5","39.0","39.0","39.0","39.0","39.0","ดูข้อมูล"
"RF.YNW.03","ยานนาวา","ปตร.คลองวัดด่าน","19/06/2565 19:40","7.0","25.5","42.5","46.0","46.0","46.0","46.0","46.0","ดูข้อมูล"
"RF.YNW.03","ยานนาวา","ปตร.คลองวัดด่าน","19/06/2565 19:45","4.5","20.0","42.0","50.5","50.5","50.5","50.5","50.5","ดูข้อมูล"
"RF.YNW.03","ยานนาวา","ปตร.คลองวัดด่าน","19/06/2565 19:50","1.5","13.0","38.5","52.0","52.0","52.0","52.0","52.0","ดูข้อมูล"
"RF.YNW.03","ยานนาวา","ปตร.คลองวัดด่าน","19/06/2565 19:55","0.5","6.5","32.0","52.5","52.5","52.5","52.5","52.5","ดูข้อมูล"
"RF.YNW.03","ยานนาวา","ปตร.คลองวัดด่าน","19/06/2565 20:05","0.5","1.0","14.0","52.5","53.0","53.0","53.0","53.0","ดูข้อมูล"
"RF.YNW.03","ยานนาวา","ปตร.คลองวัดด่าน","19/08/2565 18:20","4.5","4.5","4.5","4.5","4.5","4.5","4.5","4.5","ดูข้อมูล"
"RF.YNW.03","ยานนาวา","ปตร.คลองวัดด่าน","19/08/2565 18:25","0.5","5.0","5.0","5.0","5.0","5.0","5.0","5.0","ดูข้อมูล"
"RF.YNW.03","ยานนาวา","ปตร.คลองวัดด่าน","19/08/2565 18:35","0.5","1.0","5.5","5.5","5.5","5.5","5.5","5.5","ดูข้อมูล"
"RF.YNW.03","ยานนาวา","ปตร.คลองวัดด่าน","19/09/2565 00:45","0.5","0.5","0.5","0.5","0.5","11.5","11.5","11.5","ดูข้อมูล"
"RF.YNW.03","ยานนาวา","ปตร.คลองวัดด่าน","20/06/2565 21:50","0.5","0.5","0.5","0.5","0.5","0.5","0.5","0.5","ดูข้อมูล"
"RF.YNW.03","ยานนาวา","ปตร.คลองวัดด่าน","20/06/2565 22:00","0.5","1.0","1.0","1.0","1.0","1.0","1.0","1.0","ดูข้อมูล"
"RF.YNW.03","ยานนาวา","ปตร.คลองวัดด่าน","20/06/2565 22:45","0.5","0.5","0.5","1.5","1.5","1.5","1.5","1.5","ดูข้อมูล"
"RF.YNW.03","ยานนาวา","ปตร.คลองวัดด่าน","20/06/2565 23:25","0.5","0.5","0.5","1.0","2.0","2.0","2.0","2.0","ดูข้อมูล"
"RF.YNW.03","ยานนาวา","ปตร.คลองวัดด่าน","20/07/2565 03:40","0.5","0.5","0.5","0.5","0.5","0.5","0.5","0.5","ดูข้อมูล"
"RF.YNW.03","ยานนาวา","ปตร.คลองวัดด่าน","20/07/2565 19:35","0.5","0.5","0.5","0.5","0.5","0.5","0.5","1.0","ดูข้อมูล"
"RF.YNW.03","ยานนาวา","ปตร.คลองวัดด่าน","20/07/2565 19:40","2.5","3.0","3.0","3.0","3.0","3.0","3.0","3.5","ดูข้อมูล"
"RF.YNW.03","ยานนาวา","ปตร.คลองวัดด่าน","20/07/2565 19:45","0.5","3.5","3.5","3.5","3.5","3.5","3.5","4.0","ดูข้อมูล"
"RF.YNW.03","ยานนาวา","ปตร.คลองวัดด่าน","20/07/2565 20:40","0.5","0.5","0.5","1.0","4.0","4.0","4.0","4.5","ดูข้อมูล"
"RF.YNW.03","ยานนาวา","ปตร.คลองวัดด่าน","20/07/2565 21:05","2.5","2.5","3.0","3.0","6.5","6.5","6.5","7.0","ดูข้อมูล"
"RF.YNW.03","ยานนาวา","ปตร.คลองวัดด่าน","20/07/2565 21:10","9.0","11.5","11.5","12.0","15.5","15.5","15.5","16.0","ดูข้อมูล"
"RF.YNW.03","ยานนาวา","ปตร.คลองวัดด่าน","20/07/2565 21:15","8.5","20.0","20.0","20.5","24.0","24.0","24.0","24.5","ดูข้อมูล"
"RF.YNW.03","ยานนาวา","ปตร.คลองวัดด่าน","20/07/2565 21:20","6.5","24.0","26.5","27.0","30.5","30.5","30.5","31.0","ดูข้อมูล"
"RF.YNW.03","ยานนาวา","ปตร.คลองวัดด่าน","20/07/2565 21:25","1.5","16.5","28.0","28.5","32.0","32.0","32.0","32.5","ดูข้อมูล"
"RF.YNW.03","ยานนาวา","ปตร.คลองวัดด่าน","20/07/2565 21:35","2.0","3.5","27.5","30.5","34.0","34.0","34.0","34.5","ดูข้อมูล"
"RF.YNW.03","ยานนาวา","ปตร.คลองวัดด่าน","20/07/2565 21:40","5.5","7.5","24.0","35.5","39.5","39.5","39.5","40.0","ดูข้อมูล"
"RF.YNW.03","ยานนาวา","ปตร.คลองวัดด่าน","20/07/2565 21:45","8.5","16.0","24.0","44.0","48.0","48.0","48.0","48.5","ดูข้อมูล"
"RF.YNW.03","ยานนาวา","ปตร.คลองวัดด่าน","20/07/2565 21:50","6.0","20.0","23.5","50.0","54.0","54.0","54.0","54.5","ดูข้อมูล"
"RF.YNW.03","ยานนาวา","ปตร.คลองวัดด่าน","20/07/2565 21:55","3.5","18.0","25.5","53.5","57.5","57.5","57.5","58.0","ดูข้อมูล"
"RF.YNW.03","ยานนาวา","ปตร.คลองวัดด่าน","20/07/2565 22:00","3.0","12.5","28.5","56.5","60.5","60.5","60.5","61.0","ดูข้อมูล"
"RF.YNW.03","ยานนาวา","ปตร.คลองวัดด่าน","20/07/2565 22:05","3.5","10.0","30.0","57.5","64.0","64.0","64.0","64.5","ดูข้อมูล"
"RF.YNW.03","ยานนาวา","ปตร.คลองวัดด่าน","20/07/2565 22:10","5.5","12.0","30.0","54.0","69.5","69.5","69.5","70.0","ดูข้อมูล"
"RF.YNW.03","ยานนาวา","ปตร.คลองวัดด่าน","20/07/2565 22:15","2.5","11.5","24.0","48.0","72.0","72.0","72.0","72.5","ดูข้อมูล"
"RF.YNW.03","ยานนาวา","ปตร.คลองวัดด่าน","20/07/2565 22:20","0.5","8.5","18.5","42.0","72.5","72.5","72.5","73.0","ดูข้อมูล"
"RF.YNW.03","ยานนาวา","ปตร.คลองวัดด่าน","20/07/2565 22:25","0.5","3.5","15.5","41.0","73.0","73.0","73.0","73.5","ดูข้อมูล"
"RF.YNW.03","ยานนาวา","ปตร.คลองวัดด่าน","20/07/2565 22:30","0.5","1.5","13.0","41.5","73.5","73.5","73.5","74.0","ดูข้อมูล"
"RF.YNW.03","ยานนาวา","ปตร.คลองวัดด่าน","20/07/2565 22:35","1.0","2.0","10.5","40.5","74.0","74.5","74.5","75.0","ดูข้อมูล"
"RF.YNW.03","ยานนาวา","ปตร.คลองวัดด่าน","20/07/2565 22:40","1.0","2.5","6.0","36.0","72.5","75.5","75.5","76.0","ดูข้อมูล"
"RF.YNW.03","ยานนาวา","ปตร.คลองวัดด่าน","20/07/2565 22:45","1.5","3.5","5.0","29.0","73.5","77.0","77.0","77.5","ดูข้อมูล"
"RF.YNW.03","ยานนาวา","ปตร.คลองวัดด่าน","20/07/2565 22:50","1.5","4.0","6.0","24.5","75.0","78.5","78.5","79.0","ดูข้อมูล"
"RF.YNW.03","ยานนาวา","ปตร.คลองวัดด่าน","20/07/2565 22:55","1.0","4.0","6.5","22.0","76.0","79.5","79.5","80.0","ดูข้อมูล"
"RF.YNW.03","ยานนาวา","ปตร.คลองวัดด่าน","20/07/2565 23:00","0.5","3.0","6.5","19.5","76.5","80.0","80.0","80.5","ดูข้อมูล"
"RF.YNW.03","ยานนาวา","ปตร.คลองวัดด่าน","20/07/2565 23:05","0.5","2.0","6.0","16.5","77.0","80.5","80.5","81.0","ดูข้อมูล"
"RF.YNW.03","ยานนาวา","ปตร.คลองวัดด่าน","20/07/2565 23:10","1.0","2.0","6.0","12.0","78.0","81.5","81.5","82.0","ดูข้อมูล"
"RF.YNW.03","ยานนาวา","ปตร.คลองวัดด่าน","20/07/2565 23:15","1.0","2.5","5.5","10.5","79.0","82.5","82.5","83.0","ดูข้อมูล"
"RF.YNW.03","ยานนาวา","ปตร.คลองวัดด่าน","20/07/2565 23:20","0.5","2.5","4.5","10.5","79.5","83.0","83.0","83.5","ดูข้อมูล"
"RF.YNW.03","ยานนาวา","ปตร.คลองวัดด่าน","20/07/2565 23:30","0.5","1.0","3.5","10.0","80.0","83.5","83.5","84.0","ดูข้อมูล"
"RF.YNW.03","ยานนาวา","ปตร.คลองวัดด่าน","20/07/2565 23:50","0.5","0.5","1.0","5.5","80.0","84.0","84.0","84.5","ดูข้อมูล"
"RF.YNW.03","ยานนาวา","ปตร.คลองวัดด่าน","20/08/2565 02:15","0.5","0.5","0.5","0.5","0.5","0.5","6.0","6.0","ดูข้อมูล"
"RF.YNW.03","ยานนาวา","ปตร.คลองวัดด่าน","20/08/2565 16:55","3.5","3.5","3.5","3.5","3.5","3.5","3.5","9.5","ดูข้อมูล"
"RF.YNW.03","ยานนาวา","ปตร.คลองวัดด่าน","20/08/2565 17:00","3.0","6.5","6.5","6.5","6.5","6.5","6.5","12.5","ดูข้อมูล"
"RF.YNW.03","ยานนาวา","ปตร.คลองวัดด่าน","20/08/2565 18:20","0.5","0.5","0.5","0.5","7.0","7.0","7.0","8.5","ดูข้อมูล"
"RF.YNW.03","ยานนาวา","ปตร.คลองวัดด่าน","20/08/2565 18:45","0.5","0.5","1.0","1.0","7.5","7.5","7.5","8.0","ดูข้อมูล"
"RF.YNW.03","ยานนาวา","ปตร.คลองวัดด่าน","20/08/2565 18:50","4.0","4.5","4.5","5.0","11.5","11.5","11.5","12.0","ดูข้อมูล"
"RF.YNW.03","ยานนาวา","ปตร.คลองวัดด่าน","20/08/2565 18:55","2.5","7.0","7.0","7.5","14.0","14.0","14.0","14.5","ดูข้อมูล"
"RF.YNW.03","ยานนาวา","ปตร.คลองวัดด่าน","20/08/2565 19:00","3.0","9.5","10.0","10.5","17.0","17.0","17.0","17.5","ดูข้อมูล"
"RF.YNW.03","ยานนาวา","ปตร.คลองวัดด่าน","20/09/2565 12:15","0.5","0.5","0.5","0.5","0.5","0.5","0.5","0.5","ดูข้อมูล"
"RF.YNW.03","ยานนาวา","ปตร.คลองวัดด่าน","20/09/2565 12:20","0.5","1.0","1.0","1.0","1.0","1.0","1.0","1.0","ดูข้อมูล"
"RF.YNW.03","ยานนาวา","ปตร.คลองวัดด่าน","20/09/2565 12:50","0.5","0.5","0.5","1.5","1.5","1.5","1.5","1.5","ดูข้อมูล"
"RF.YNW.03","ยานนาวา","ปตร.คลองวัดด่าน","21/06/2565 00:20","0.5","0.5","0.5","1.0","2.5","2.5","2.5","2.5","ดูข้อมูล"
"RF.YNW.03","ยานนาวา","ปตร.คลองวัดด่าน","21/06/2565 19:00","0.5","0.5","0.5","0.5","0.5","0.5","0.5","3.0","ดูข้อมูล"
"RF.YNW.03","ยานนาวา","ปตร.คลองวัดด่าน","21/06/2565 19:05","2.0","2.5","2.5","2.5","2.5","2.5","2.5","5.0","ดูข้อมูล"
"RF.YNW.03","ยานนาวา","ปตร.คลองวัดด่าน","21/06/2565 19:10","1.0","3.5","3.5","3.5","3.5","3.5","3.5","6.0","ดูข้อมูล"
"RF.YNW.03","ยานนาวา","ปตร.คลองวัดด่าน","21/06/2565 19:20","0.5","1.5","4.0","4.0","4.0","4.0","4.0","6.5","ดูข้อมูล"
"RF.YNW.03","ยานนาวา","ปตร.คลองวัดด่าน","21/06/2565 23:00","0.5","0.5","0.5","0.5","0.5","4.5","4.5","5.5","ดูข้อมูล"
"RF.YNW.03","ยานนาวา","ปตร.คลองวัดด่าน","21/07/2565 00:05","0.5","0.5","1.0","4.0","78.0","84.5","84.5","85.0","ดูข้อมูล"
"RF.YNW.03","ยานนาวา","ปตร.คลองวัดด่าน","21/07/2565 00:10","0.5","1.0","1.5","3.5","69.5","85.0","85.0","85.5","ดูข้อมูล"
"RF.YNW.03","ยานนาวา","ปตร.คลองวัดด่าน","21/07/2565 00:15","0.5","1.5","2.0","3.0","61.5","85.5","85.5","86.0","ดูข้อมูล"
"RF.YNW.03","ยานนาวา","ปตร.คลองวัดด่าน","21/07/2565 00:25","0.5","1.0","2.0","3.0","54.0","86.0","86.0","86.5","ดูข้อมูล"
"RF.YNW.03","ยานนาวา","ปตร.คลองวัดด่าน","21/07/2565 00:35","0.5","1.0","2.0","3.0","52.5","86.5","86.5","87.0","ดูข้อมูล"
"RF.YNW.03","ยานนาวา","ปตร.คลองวัดด่าน","21/07/2565 00:45","0.5","1.0","1.5","3.5","39.0","87.0","87.0","87.5","ดูข้อมูล"
"RF.YNW.03","ยานนาวา","ปตร.คลองวัดด่าน","21/07/2565 00:50","0.5","1.0","2.0","3.5","33.5","87.5","87.5","88.0","ดูข้อมูล"
"RF.YNW.03","ยานนาวา","ปตร.คลองวัดด่าน","21/07/2565 00:55","0.5","1.5","2.0","4.0","30.5","88.0","88.0","88.5","ดูข้อมูล"
"RF.YNW.03","ยานนาวา","ปตร.คลองวัดด่าน","21/07/2565 01:10","0.5","0.5","2.0","3.5","19.0","88.5","88.5","89.0","ดูข้อมูล"
"RF.YNW.03","ยานนาวา","ปตร.คลองวัดด่าน","21/07/2565 01:15","0.5","1.0","2.0","3.5","17.0","89.0","89.0","89.5","ดูข้อมูล"
"RF.YNW.03","ยานนาวา","ปตร.คลองวัดด่าน","21/07/2565 01:20","0.5","1.5","2.0","4.0","17.0","89.5","89.5","90.0","ดูข้อมูล"
"RF.YNW.03","ยานนาวา","ปตร.คลองวัดด่าน","21/07/2565 01:30","0.5","1.0","2.0","4.0","16.5","90.0","90.0","90.5","ดูข้อมูล"
"RF.YNW.03","ยานนาวา","ปตร.คลองวัดด่าน","21/07/2565 01:35","0.5","1.0","2.5","4.0","16.0","90.0","90.5","91.0","ดูข้อมูล"
"RF.YNW.03","ยานนาวา","ปตร.คลองวัดด่าน","21/07/2565 01:45","0.5","1.0","2.0","4.0","14.0","87.5","91.0","91.5","ดูข้อมูล"
"RF.YNW.03","ยานนาวา","ปตร.คลองวัดด่าน","21/07/2565 01:55","0.5","1.0","2.0","3.5","12.0","88.0","91.5","92.0","ดูข้อมูล"
"RF.YNW.03","ยานนาวา","ปตร.คลองวัดด่าน","21/07/2565 02:00","0.5","1.0","2.0","4.0","12.0","88.5","92.0","92.5","ดูข้อมูล"
"RF.YNW.03","ยานนาวา","ปตร.คลองวัดด่าน","21/07/2565 02:10","0.5","1.0","2.0","4.0","11.0","89.0","92.5","93.0","ดูข้อมูล"
"RF.YNW.03","ยานนาวา","ปตร.คลองวัดด่าน","21/07/2565 02:20","0.5","1.0","2.0","3.5","10.0","89.5","93.0","93.5","ดูข้อมูล"
"RF.YNW.03","ยานนาวา","ปตร.คลองวัดด่าน","21/07/2565 02:30","0.5","1.0","1.5","3.5","10.0","90.0","93.5","94.0","ดูข้อมูล"
"RF.YNW.03","ยานนาวา","ปตร.คลองวัดด่าน","21/07/2565 02:50","0.5","0.5","1.0","3.0","10.0","90.0","94.0","94.5","ดูข้อมูล"
"RF.YNW.03","ยานนาวา","ปตร.คลองวัดด่าน","21/07/2565 03:00","0.5","1.0","1.0","2.5","10.5","90.5","94.5","95.0","ดูข้อมูล"
"RF.YNW.03","ยานนาวา","ปตร.คลองวัดด่าน","21/07/2565 03:15","0.5","0.5","1.5","2.5","9.5","71.0","95.0","95.5","ดูข้อมูล"
"RF.YNW.03","ยานนาวา","ปตร.คลองวัดด่าน","21/07/2565 04:30","0.5","0.5","0.5","0.5","5.5","22.0","95.5","95.5","ดูข้อมูล"
"RF.YNW.03","ยานนาวา","ปตร.คลองวัดด่าน","21/07/2565 05:05","0.5","0.5","0.5","1.0","4.0","15.5","96.0","96.0","ดูข้อมูล"
"RF.YNW.03","ยานนาวา","ปตร.คลองวัดด่าน","21/07/2565 06:20","0.5","0.5","0.5","0.5","1.5","11.0","96.5","96.5","ดูข้อมูล"
"RF.YNW.03","ยานนาวา","ปตร.คลองวัดด่าน","21/08/2565 18:00","1.0","1.0","1.0","1.0","1.0","1.0","1.0","11.5","ดูข้อมูล"
"RF.YNW.03","ยานนาวา","ปตร.คลองวัดด่าน","21/08/2565 18:10","0.5","1.5","1.5","1.5","1.5","1.5","1.5","12.0","ดูข้อมูล"
"RF.YNW.03","ยานนาวา","ปตร.คลองวัดด่าน","21/08/2565 18:40","0.5","0.5","0.5","2.0","2.0","2.0","2.0","12.0","ดูข้อมูล"
"RF.YNW.03","ยานนาวา","ปตร.คลองวัดด่าน","21/08/2565 19:10","0.5","0.5","0.5","1.0","2.5","2.5","2.5","2.5","ดูข้อมูล"
"RF.YNW.03","ยานนาวา","ปตร.คลองวัดด่าน","21/08/2565 19:25","0.5","0.5","1.0","1.5","3.0","3.0","3.0","3.0","ดูข้อมูล"
"RF.YNW.03","ยานนาวา","ปตร.คลองวัดด่าน","21/09/2565 17:35","2.0","2.0","2.0","2.0","2.0","2.0","2.0","2.0","ดูข้อมูล"
"RF.YNW.03","ยานนาวา","ปตร.คลองวัดด่าน","21/09/2565 17:40","2.0","4.0","4.0","4.0","4.0","4.0","4.0","4.0","ดูข้อมูล"
"RF.YNW.03","ยานนาวา","ปตร.คลองวัดด่าน","21/09/2565 17:45","0.5","4.5","4.5","4.5","4.5","4.5","4.5","4.5","ดูข้อมูล"
"RF.YNW.03","ยานนาวา","ปตร.คลองวัดด่าน","21/09/2565 17:50","2.5","5.0","7.0","7.0","7.0","7.0","7.0","7.0","ดูข้อมูล"
"RF.YNW.03","ยานนาวา","ปตร.คลองวัดด่าน","21/09/2565 17:55","5.0","8.0","12.0","12.0","12.0","12.0","12.0","12.0","ดูข้อมูล"
"RF.YNW.03","ยานนาวา","ปตร.คลองวัดด่าน","21/09/2565 18:00","2.5","10.0","14.5","14.5","14.5","14.5","14.5","14.5","ดูข้อมูล"
"RF.YNW.03","ยานนาวา","ปตร.คลองวัดด่าน","21/09/2565 18:05","0.5","8.0","13.0","15.0","15.0","15.0","15.0","15.0","ดูข้อมูล"
"RF.YNW.03","ยานนาวา","ปตร.คลองวัดด่าน","21/09/2565 18:15","0.5","1.0","11.0","15.5","15.5","15.5","15.5","15.5","ดูข้อมูล"
"RF.YNW.03","ยานนาวา","ปตร.คลองวัดด่าน","21/09/2565 22:00","0.5","0.5","0.5","0.5","0.5","16.0","16.0","16.0","ดูข้อมูล"
"RF.YNW.03","ยานนาวา","ปตร.คลองวัดด่าน","21/09/2565 22:40","6.0","6.0","6.0","6.5","6.5","22.0","22.0","22.0","ดูข้อมูล"
"RF.YNW.03","ยานนาวา","ปตร.คลองวัดด่าน","21/09/2565 22:45","7.0","13.0","13.0","13.5","13.5","29.0","29.0","29.0","ดูข้อมูล"
"RF.YNW.03","ยานนาวา","ปตร.คลองวัดด่าน","21/09/2565 22:50","5.0","18.0","18.0","18.5","18.5","34.0","34.0","34.0","ดูข้อมูล"
"RF.YNW.03","ยานนาวา","ปตร.คลองวัดด่าน","21/09/2565 22:55","1.5","13.5","19.5","20.0","20.0","35.5","35.5","35.5","ดูข้อมูล"
"RF.YNW.03","ยานนาวา","ปตร.คลองวัดด่าน","21/09/2565 23:00","1.5","8.0","21.0","21.0","21.5","37.0","37.0","37.0","ดูข้อมูล"
"RF.YNW.03","ยานนาวา","ปตร.คลองวัดด่าน","21/09/2565 23:05","1.0","4.0","22.0","22.0","22.5","38.0","38.0","38.0","ดูข้อมูล"
"RF.YNW.03","ยานนาวา","ปตร.คลองวัดด่าน","21/09/2565 23:20","0.5","0.5","4.5","22.5","23.0","38.5","38.5","38.5","ดูข้อมูล"
"RF.YNW.03","ยานนาวา","ปตร.คลองวัดด่าน","21/09/2565 23:30","0.5","1.0","2.0","23.0","23.5","39.0","39.0","39.0","ดูข้อมูล"
"RF.YNW.03","ยานนาวา","ปตร.คลองวัดด่าน","21/09/2565 23:50","0.5","0.5","1.0","5.5","24.0","32.5","39.5","39.5","ดูข้อมูล"
"RF.YNW.03","ยานนาวา","ปตร.คลองวัดด่าน","21/09/2565 23:55","0.5","1.0","1.5","4.5","24.5","28.0","40.0","40.0","ดูข้อมูล"
"RF.YNW.03","ยานนาวา","ปตร.คลองวัดด่าน","22/07/2565 21:30","0.5","0.5","0.5","0.5","0.5","0.5","0.5","0.5","ดูข้อมูล"
"RF.YNW.03","ยานนาวา","ปตร.คลองวัดด่าน","22/07/2565 21:35","1.0","1.5","1.5","1.5","1.5","1.5","1.5","1.5","ดูข้อมูล"
"RF.YNW.03","ยานนาวา","ปตร.คลองวัดด่าน","22/07/2565 21:40","1.5","3.0","3.0","3.0","3.0","3.0","3.0","3.0","ดูข้อมูล"
"RF.YNW.03","ยานนาวา","ปตร.คลองวัดด่าน","22/07/2565 21:45","1.5","4.0","4.5","4.5","4.5","4.5","4.5","4.5","ดูข้อมูล"
"RF.YNW.03","ยานนาวา","ปตร.คลองวัดด่าน","22/08/2565 20:40","0.5","0.5","0.5","0.5","0.5","0.5","0.5","0.5","ดูข้อมูล"
"RF.YNW.03","ยานนาวา","ปตร.คลองวัดด่าน","22/09/2565 01:15","0.5","0.5","0.5","0.5","24.5","25.0","40.5","40.5","ดูข้อมูล"
"RF.YNW.03","ยานนาวา","ปตร.คลองวัดด่าน","22/09/2565 03:00","1.0","1.0","1.0","1.0","1.5","26.0","41.5","41.5","ดูข้อมูล"
"RF.YNW.03","ยานนาวา","ปตร.คลองวัดด่าน","22/09/2565 03:05","2.0","3.0","3.0","3.0","3.5","28.0","43.5","43.5","ดูข้อมูล"
"RF.YNW.03","ยานนาวา","ปตร.คลองวัดด่าน","22/09/2565 03:10","1.0","4.0","4.0","4.0","4.5","29.0","44.5","44.5","ดูข้อมูล"
"RF.YNW.03","ยานนาวา","ปตร.คลองวัดด่าน","22/09/2565 03:15","1.0","4.0","5.0","5.0","5.5","30.0","45.5","45.5","ดูข้อมูล"
"RF.YNW.03","ยานนาวา","ปตร.คลองวัดด่าน","22/09/2565 03:25","0.5","1.5","5.5","5.5","6.0","30.5","46.0","46.0","ดูข้อมูล"
"RF.YNW.03","ยานนาวา","ปตร.คลองวัดด่าน","22/09/2565 03:30","1.0","1.5","5.5","6.5","7.0","31.5","47.0","47.0","ดูข้อมูล"
"RF.YNW.03","ยานนาวา","ปตร.คลองวัดด่าน","22/09/2565 03:35","1.5","3.0","5.0","8.0","8.5","33.0","48.5","48.5","ดูข้อมูล"
"RF.YNW.03","ยานนาวา","ปตร.คลองวัดด่าน","22/09/2565 03:40","1.5","4.0","5.5","9.5","10.0","34.5","50.0","50.0","ดูข้อมูล"
"RF.YNW.03","ยานนาวา","ปตร.คลองวัดด่าน","22/09/2565 03:45","0.5","3.5","5.0","10.0","10.5","35.0","50.5","50.5","ดูข้อมูล"
"RF.YNW.03","ยานนาวา","ปตร.คลองวัดด่าน","22/09/2565 03:50","1.5","3.5","6.5","11.5","12.0","36.5","52.0","52.0","ดูข้อมูล"
"RF.YNW.03","ยานนาวา","ปตร.คลองวัดด่าน","22/09/2565 03:55","0.5","2.5","6.5","12.0","12.5","37.0","52.5","52.5","ดูข้อมูล"
"RF.YNW.03","ยานนาวา","ปตร.คลองวัดด่าน","22/09/2565 04:00","0.5","2.5","6.0","11.5","13.0","37.0","53.0","53.0","ดูข้อมูล"
"RF.YNW.03","ยานนาวา","ปตร.คลองวัดด่าน","22/09/2565 04:05","0.5","1.5","5.0","10.0","13.5","37.5","53.5","53.5","ดูข้อมูล"
"RF.YNW.03","ยานนาวา","ปตร.คลองวัดด่าน","22/09/2565 04:10","0.5","1.5","4.0","9.5","14.0","38.0","54.0","54.0","ดูข้อมูล"
"RF.YNW.03","ยานนาวา","ปตร.คลองวัดด่าน","22/09/2565 04:15","0.5","1.5","4.0","9.0","14.0","38.5","54.5","54.5","ดูข้อมูล"
"RF.YNW.03","ยานนาวา","ปตร.คลองวัดด่าน","22/09/2565 04:25","0.5","1.0","2.5","9.0","14.5","39.0","55.0","55.0","ดูข้อมูล"
"RF.YNW.03","ยานนาวา","ปตร.คลองวัดด่าน","22/09/2565 04:35","0.5","1.0","2.0","7.0","15.0","39.5","55.5","55.5","ดูข้อมูล"
"RF.YNW.03","ยานนาวา","ปตร.คลองวัดด่าน","22/09/2565 06:05","0.5","0.5","0.5","0.5","12.5","16.0","41.0","56.0","ดูข้อมูล"
"RF.YNW.03","ยานนาวา","ปตร.คลองวัดด่าน","22/09/2565 07:00","0.5","0.5","0.5","1.0","3.5","16.5","41.0","56.5","ดูข้อมูล"
"RF.YNW.03","ยานนาวา","ปตร.คลองวัดด่าน","22/09/2565 21:05","1.0","1.0","1.0","1.0","1.0","1.0","1.0","42.0","ดูข้อมูล"
"RF.YNW.03","ยานนาวา","ปตร.คลองวัดด่าน","22/09/2565 21:10","0.5","1.5","1.5","1.5","1.5","1.5","1.5","42.5","ดูข้อมูล"
"RF.YNW.03","ยานนาวา","ปตร.คลองวัดด่าน","22/09/2565 21:45","0.5","0.5","0.5","2.0","2.0","2.0","2.0","43.0","ดูข้อมูล"
"RF.YNW.03","ยานนาวา","ปตร.คลองวัดด่าน","22/09/2565 21:50","2.5","3.0","3.0","4.5","4.5","4.5","4.5","45.5","ดูข้อมูล"
"RF.YNW.03","ยานนาวา","ปตร.คลองวัดด่าน","22/09/2565 21:55","5.0","8.0","8.0","9.5","9.5","9.5","9.5","50.5","ดูข้อมูล"
"RF.YNW.03","ยานนาวา","ปตร.คลองวัดด่าน","22/09/2565 22:00","1.5","9.0","9.5","11.0","11.0","11.0","11.0","51.5","ดูข้อมูล"
"RF.YNW.03","ยานนาวา","ปตร.คลองวัดด่าน","22/09/2565 22:05","1.5","8.0","11.0","11.5","12.5","12.5","12.5","53.0","ดูข้อมูล"
"RF.YNW.03","ยานนาวา","ปตร.คลองวัดด่าน","22/09/2565 22:10","1.0","4.0","12.0","12.0","13.5","13.5","13.5","54.0","ดูข้อมูล"
"RF.YNW.03","ยานนาวา","ปตร.คลองวัดด่าน","22/09/2565 22:15","0.5","3.0","12.0","12.5","14.0","14.0","14.0","54.5","ดูข้อมูล"
"RF.YNW.03","ยานนาวา","ปตร.คลองวัดด่าน","22/09/2565 22:20","0.5","2.0","10.0","13.0","14.5","14.5","14.5","55.0","ดูข้อมูล"
"RF.YNW.03","ยานนาวา","ปตร.คลองวัดด่าน","22/09/2565 22:25","0.5","1.5","5.5","13.5","15.0","15.0","15.0","55.5","ดูข้อมูล"
"RF.YNW.03","ยานนาวา","ปตร.คลองวัดด่าน","23/07/2565 00:50","0.5","0.5","0.5","0.5","0.5","5.0","5.0","5.0","ดูข้อมูล"
"RF.YNW.03","ยานนาวา","ปตร.คลองวัดด่าน","23/07/2565 01:35","0.5","0.5","0.5","1.0","1.0","5.5","5.5","5.5","ดูข้อมูล"
"RF.YNW.03","ยานนาวา","ปตร.คลองวัดด่าน","23/07/2565 02:35","0.5","0.5","0.5","0.5","1.5","6.0","6.0","6.0","ดูข้อมูล"
"RF.YNW.03","ยานนาวา","ปตร.คลองวัดด่าน","23/09/2565 02:40","0.5","0.5","0.5","0.5","0.5","15.5","15.5","31.5","ดูข้อมูล"
"RF.YNW.03","ยานนาวา","ปตร.คลองวัดด่าน","23/09/2565 12:40","0.5","0.5","0.5","0.5","0.5","0.5","1.0","16.0","ดูข้อมูล"
"RF.YNW.03","ยานนาวา","ปตร.คลองวัดด่าน","23/09/2565 13:00","0.5","0.5","1.0","1.0","1.0","1.0","1.5","16.5","ดูข้อมูล"
"RF.YNW.03","ยานนาวา","ปตร.คลองวัดด่าน","23/09/2565 13:55","0.5","0.5","0.5","1.0","1.5","1.5","2.0","17.0","ดูข้อมูล"
"RF.YNW.03","ยานนาวา","ปตร.คลองวัดด่าน","23/09/2565 23:20","0.5","0.5","0.5","0.5","0.5","0.5","2.0","2.5","ดูข้อมูล"
"RF.YNW.03","ยานนาวา","ปตร.คลองวัดด่าน","23/09/2565 23:25","0.5","1.0","1.0","1.0","1.0","1.0","2.5","3.0","ดูข้อมูล"
"RF.YNW.03","ยานนาวา","ปตร.คลองวัดด่าน","23/09/2565 23:45","0.5","0.5","1.5","1.5","1.5","1.5","3.0","3.5","ดูข้อมูล"
"RF.YNW.03","ยานนาวา","ปตร.คลองวัดด่าน","24/06/2565 20:45","0.5","0.5","0.5","0.5","0.5","0.5","0.5","0.5","ดูข้อมูล"
"RF.YNW.03","ยานนาวา","ปตร.คลองวัดด่าน","24/06/2565 20:50","4.5","5.0","5.0","5.0","5.0","5.0","5.0","5.0","ดูข้อมูล"
"RF.YNW.03","ยานนาวา","ปตร.คลองวัดด่าน","24/06/2565 20:55","3.5","8.5","8.5","8.5","8.5","8.5","8.5","8.5","ดูข้อมูล"
"RF.YNW.03","ยานนาวา","ปตร.คลองวัดด่าน","24/06/2565 21:00","3.0","11.0","11.5","11.5","11.5","11.5","11.5","11.5","ดูข้อมูล"
"RF.YNW.03","ยานนาวา","ปตร.คลองวัดด่าน","24/06/2565 21:05","3.0","9.5","14.5","14.5","14.5","14.5","14.5","14.5","ดูข้อมูล"
"RF.YNW.03","ยานนาวา","ปตร.คลองวัดด่าน","24/06/2565 21:10","0.5","6.5","15.0","15.0","15.0","15.0","15.0","15.0","ดูข้อมูล"
"RF.YNW.03","ยานนาวา","ปตร.คลองวัดด่าน","24/06/2565 21:20","4.5","5.0","14.5","19.5","19.5","19.5","19.5","19.5","ดูข้อมูล"
"RF.YNW.03","ยานนาวา","ปตร.คลองวัดด่าน","24/06/2565 21:25","6.0","10.5","17.0","25.5","25.5","25.5","25.5","25.5","ดูข้อมูล"
"RF.YNW.03","ยานนาวา","ปตร.คลองวัดด่าน","24/06/2565 21:30","4.0","14.5","18.0","29.5","29.5","29.5","29.5","29.5","ดูข้อมูล"
"RF.YNW.03","ยานนาวา","ปตร.คลองวัดด่าน","24/06/2565 21:35","2.5","12.5","17.5","32.0","32.0","32.0","32.0","32.0","ดูข้อมูล"
"RF.YNW.03","ยานนาวา","ปตร.คลองวัดด่าน","24/06/2565 21:40","0.5","7.0","17.5","32.5","32.5","32.5","32.5","32.5","ดูข้อมูล"
"RF.YNW.03","ยานนาวา","ปตร.คลองวัดด่าน","24/06/2565 22:00","0.5","0.5","3.5","21.5","33.0","33.0","33.0","33.0","ดูข้อมูล"
"RF.YNW.03","ยานนาวา","ปตร.คลองวัดด่าน","24/06/2565 22:10","0.5","1.0","1.0","18.5","33.5","33.5","33.5","33.5","ดูข้อมูล"
"RF.YNW.03","ยานนาวา","ปตร.คลองวัดด่าน","24/06/2565 22:20","0.5","1.0","1.5","14.5","34.0","34.0","34.0","34.0","ดูข้อมูล"
"RF.YNW.03","ยานนาวา","ปตร.คลองวัดด่าน","24/07/2565 07:00","0.5","0.5","0.5","0.5","0.5","0.5","0.5","0.5","ดูข้อมูล"
"RF.YNW.03","ยานนาวา","ปตร.คลองวัดด่าน","24/07/2565 22:20","0.5","0.5","0.5","0.5","0.5","0.5","0.5","1.0","ดูข้อมูล"
"RF.YNW.03","ยานนาวา","ปตร.คลองวัดด่าน","24/09/2565 00:15","0.5","0.5","0.5","2.0","2.0","2.0","3.5","4.0","ดูข้อมูล"
"RF.YNW.03","ยานนาวา","ปตร.คลองวัดด่าน","24/09/2565 00:55","0.5","0.5","0.5","1.0","2.5","2.5","3.5","4.5","ดูข้อมูล"
"RF.YNW.03","ยานนาวา","ปตร.คลองวัดด่าน","24/09/2565 03:15","0.5","0.5","0.5","0.5","1.0","3.0","3.0","4.5","ดูข้อมูล"
"RF.YNW.03","ยานนาวา","ปตร.คลองวัดด่าน","24/09/2565 03:30","0.5","0.5","1.0","1.0","1.5","3.5","3.5","5.0","ดูข้อมูล"
"RF.YNW.03","ยานนาวา","ปตร.คลองวัดด่าน","24/09/2565 03:45","0.5","0.5","1.0","1.5","2.0","4.0","4.0","5.5","ดูข้อมูล"
"RF.YNW.03","ยานนาวา","ปตร.คลองวัดด่าน","24/09/2565 04:00","0.5","0.5","1.0","2.0","2.0","4.5","4.5","6.0","ดูข้อมูล"
"RF.YNW.03","ยานนาวา","ปตร.คลองวัดด่าน","24/09/2565 05:10","0.5","0.5","0.5","0.5","2.5","5.0","5.0","6.5","ดูข้อมูล"
"RF.YNW.03","ยานนาวา","ปตร.คลองวัดด่าน","24/09/2565 23:25","1.0","1.0","1.0","1.0","1.0","1.0","1.0","5.0","ดูข้อมูล"
"RF.YNW.03","ยานนาวา","ปตร.คลองวัดด่าน","24/09/2565 23:35","0.5","1.5","1.5","1.5","1.5","1.5","1.5","5.5","ดูข้อมูล"
"RF.YNW.03","ยานนาวา","ปตร.คลองวัดด่าน","24/09/2565 23:50","0.5","0.5","2.0","2.0","2.0","2.0","2.0","5.5","ดูข้อมูล"
"RF.YNW.03","ยานนาวา","ปตร.คลองวัดด่าน","25/06/2565 01:30","0.5","0.5","0.5","0.5","0.5","34.5","34.5","34.5","ดูข้อมูล"
"RF.YNW.03","ยานนาวา","ปตร.คลองวัดด่าน","25/06/2565 02:05","0.5","0.5","0.5","1.0","1.0","35.0","35.0","35.0","ดูข้อมูล"
"RF.YNW.03","ยานนาวา","ปตร.คลองวัดด่าน","25/08/2565 07:25","0.5","0.5","0.5","0.5","0.5","0.5","0.5","0.5","ดูข้อมูล"
"RF.YNW.03","ยานนาวา","ปตร.คลองวัดด่าน","25/08/2565 07:40","0.5","0.5","1.0","1.0","1.0","1.0","1.0","1.0","ดูข้อมูล"
"RF.YNW.03","ยานนาวา","ปตร.คลองวัดด่าน","25/08/2565 08:25","0.5","0.5","0.5","1.0","1.5","1.5","1.5","1.5","ดูข้อมูล"
"RF.YNW.03","ยานนาวา","ปตร.คลองวัดด่าน","25/08/2565 20:20","0.5","0.5","0.5","0.5","0.5","0.5","1.0","2.0","ดูข้อมูล"
"RF.YNW.03","ยานนาวา","ปตร.คลองวัดด่าน","25/08/2565 20:30","0.5","1.0","1.0","1.0","1.0","1.0","1.0","2.5","ดูข้อมูล"
"RF.YNW.03","ยานนาวา","ปตร.คลองวัดด่าน","25/09/2565 00:15","0.5","0.5","1.0","2.5","2.5","2.5","2.5","5.5","ดูข้อมูล"
"RF.YNW.03","ยานนาวา","ปตร.คลองวัดด่าน","25/09/2565 00:40","0.5","0.5","1.0","1.5","3.0","3.0","3.0","6.0","ดูข้อมูล"
"RF.YNW.03","ยานนาวา","ปตร.คลองวัดด่าน","25/09/2565 01:05","0.5","0.5","1.0","1.5","3.5","3.5","3.5","6.0","ดูข้อมูล"
"RF.YNW.03","ยานนาวา","ปตร.คลองวัดด่าน","25/09/2565 02:25","0.5","0.5","0.5","0.5","3.0","4.0","4.0","6.5","ดูข้อมูล"
"RF.YNW.03","ยานนาวา","ปตร.คลองวัดด่าน","25/09/2565 23:20","0.5","0.5","0.5","0.5","0.5","0.5","0.5","4.5","ดูข้อมูล"
"RF.YNW.03","ยานนาวา","ปตร.คลองวัดด่าน","26/06/2565 00:50","0.5","0.5","0.5","0.5","0.5","0.5","0.5","1.5","ดูข้อมูล"
"RF.YNW.03","ยานนาวา","ปตร.คลองวัดด่าน","26/06/2565 20:05","2.0","2.0","2.0","2.0","2.0","2.0","2.0","2.5","ดูข้อมูล"
"RF.YNW.03","ยานนาวา","ปตร.คลองวัดด่าน","26/06/2565 20:10","1.0","3.0","3.0","3.0","3.0","3.0","3.0","3.5","ดูข้อมูล"
"RF.YNW.03","ยานนาวา","ปตร.คลองวัดด่าน","26/06/2565 20:25","2.5","2.5","5.5","5.5","5.5","5.5","5.5","6.0","ดูข้อมูล"
"RF.YNW.03","ยานนาวา","ปตร.คลองวัดด่าน","26/06/2565 20:30","2.0","4.5","7.5","7.5","7.5","7.5","7.5","8.0","ดูข้อมูล"
"RF.YNW.03","ยานนาวา","ปตร.คลองวัดด่าน","26/08/2565 14:45","0.5","0.5","0.5","0.5","0.5","0.5","0.5","1.5","ดูข้อมูล"
"RF.YNW.03","ยานนาวา","ปตร.คลองวัดด่าน","26/08/2565 17:00","1.0","1.0","1.0","1.0","1.5","1.5","1.5","2.5","ดูข้อมูล"
"RF.YNW.03","ยานนาวา","ปตร.คลองวัดด่าน","26/08/2565 17:05","1.0","2.0","2.0","2.0","2.5","2.5","2.5","3.5","ดูข้อมูล"
"RF.YNW.03","ยานนาวา","ปตร.คลองวัดด่าน","26/08/2565 17:10","1.5","3.5","3.5","3.5","4.0","4.0","4.0","5.0","ดูข้อมูล"
"RF.YNW.03","ยานนาวา","ปตร.คลองวัดด่าน","26/08/2565 17:15","1.0","3.5","4.5","4.5","5.0","5.0","5.0","6.0","ดูข้อมูล"
"RF.YNW.03","ยานนาวา","ปตร.คลองวัดด่าน","26/08/2565 17:20","0.5","3.0","5.0","5.0","5.5","5.5","5.5","6.5","ดูข้อมูล"
"RF.YNW.03","ยานนาวา","ปตร.คลองวัดด่าน","26/08/2565 17:25","0.5","2.0","5.5","5.5","6.0","6.0","6.0","7.0","ดูข้อมูล"
"RF.YNW.03","ยานนาวา","ปตร.คลองวัดด่าน","26/08/2565 17:35","0.5","1.0","4.0","6.0","6.5","6.5","6.5","7.5","ดูข้อมูล"
"RF.YNW.03","ยานนาวา","ปตร.คลองวัดด่าน","26/08/2565 17:40","0.5","1.0","3.0","6.5","7.0","7.0","7.0","8.0","ดูข้อมูล"
"RF.YNW.03","ยานนาวา","ปตร.คลองวัดด่าน","26/08/2565 17:45","0.5","1.5","2.5","7.0","7.0","7.5","7.5","8.5","ดูข้อมูล"
"RF.YNW.03","ยานนาวา","ปตร.คลองวัดด่าน","26/08/2565 17:50","1.5","2.5","3.5","8.5","8.5","9.0","9.0","10.0","ดูข้อมูล"
"RF.YNW.03","ยานนาวา","ปตร.คลองวัดด่าน","26/08/2565 17:55","1.0","3.0","4.0","9.5","9.5","10.0","10.0","11.0","ดูข้อมูล"
"RF.YNW.03","ยานนาวา","ปตร.คลองวัดด่าน","26/08/2565 18:00","1.0","3.5","5.0","9.5","10.5","11.0","11.0","12.0","ดูข้อมูล"
"RF.YNW.03","ยานนาวา","ปตร.คลองวัดด่าน","26/08/2565 18:05","1.5","3.5","6.0","10.0","12.0","12.5","12.5","13.5","ดูข้อมูล"
"RF.YNW.03","ยานนาวา","ปตร.คลองวัดด่าน","26/08/2565 18:10","3.0","5.5","8.5","11.5","15.0","15.5","15.5","16.5","ดูข้อมูล"
"RF.YNW.03","ยานนาวา","ปตร.คลองวัดด่าน","26/08/2565 18:15","1.5","6.0","9.5","12.0","16.5","17.0","17.0","18.0","ดูข้อมูล"
"RF.YNW.03","ยานนาวา","ปตร.คลองวัดด่าน","26/08/2565 18:20","0.5","5.0","8.5","12.0","17.0","17.5","17.5","18.5","ดูข้อมูล"
"RF.YNW.03","ยานนาวา","ปตร.คลองวัดด่าน","26/08/2565 18:35","0.5","0.5","5.5","11.5","17.5","18.0","18.0","19.0","ดูข้อมูล"
"RF.YNW.03","ยานนาวา","ปตร.คลองวัดด่าน","26/08/2565 18:50","0.5","0.5","1.0","9.5","18.0","18.5","18.5","19.5","ดูข้อมูล"
"RF.YNW.03","ยานนาวา","ปตร.คลองวัดด่าน","26/08/2565 19:00","0.5","1.0","1.5","8.0","18.5","19.0","19.0","20.0","ดูข้อมูล"
"RF.YNW.03","ยานนาวา","ปตร.คลองวัดด่าน","26/08/2565 19:10","0.5","1.0","1.5","4.0","19.0","19.5","19.5","20.5","ดูข้อมูล"
"RF.YNW.03","ยานนาวา","ปตร.คลองวัดด่าน","26/08/2565 19:20","0.5","1.0","1.5","2.5","19.5","20.0","20.0","21.0","ดูข้อมูล"
"RF.YNW.03","ยานนาวา","ปตร.คลองวัดด่าน","26/09/2565 01:20","0.5","0.5","0.5","0.5","1.0","1.0","1.0","1.5","ดูข้อมูล"
"RF.YNW.03","ยานนาวา","ปตร.คลองวัดด่าน","26/09/2565 01:40","0.5","0.5","1.0","1.0","1.5","1.5","1.5","2.0","ดูข้อมูล"
"RF.YNW.03","ยานนาวา","ปตร.คลองวัดด่าน","26/09/2565 02:45","0.5","0.5","0.5","0.5","1.5","2.0","2.0","2.0","ดูข้อมูล"
"RF.YNW.03","ยานนาวา","ปตร.คลองวัดด่าน","26/09/2565 05:45","0.5","0.5","0.5","0.5","0.5","2.0","2.5","2.5","ดูข้อมูล"
"RF.YNW.03","ยานนาวา","ปตร.คลองวัดด่าน","26/09/2565 06:10","0.5","0.5","1.0","1.0","1.0","2.5","3.0","3.0","ดูข้อมูล"
"RF.YNW.03","ยานนาวา","ปตร.คลองวัดด่าน","26/09/2565 06:30","0.5","0.5","1.0","1.5","1.5","3.0","3.5","3.5","ดูข้อมูล"
"RF.YNW.03","ยานนาวา","ปตร.คลองวัดด่าน","26/09/2565 07:20","0.5","0.5","0.5","1.0","2.0","3.0","4.0","4.0","ดูข้อมูล"
"RF.YNW.03","ยานนาวา","ปตร.คลองวัดด่าน","26/09/2565 07:45","0.5","0.5","1.0","1.0","2.5","3.0","4.5","4.5","ดูข้อมูล"
"RF.YNW.03","ยานนาวา","ปตร.คลองวัดด่าน","26/09/2565 08:25","0.5","0.5","0.5","1.0","3.0","3.5","5.0","5.0","ดูข้อมูล"
"RF.YNW.03","ยานนาวา","ปตร.คลองวัดด่าน","26/09/2565 08:55","0.5","0.5","0.5","1.0","3.0","3.5","5.5","5.5","ดูข้อมูล"
"RF.YNW.03","ยานนาวา","ปตร.คลองวัดด่าน","26/09/2565 09:40","0.5","0.5","0.5","1.0","2.5","4.0","6.0","6.0","ดูข้อมูล"
"RF.YNW.03","ยานนาวา","ปตร.คลองวัดด่าน","26/09/2565 10:25","0.5","0.5","0.5","1.0","2.5","4.5","6.5","6.5","ดูข้อมูล"
"RF.YNW.03","ยานนาวา","ปตร.คลองวัดด่าน","26/09/2565 11:00","0.5","0.5","0.5","1.0","2.5","5.0","7.0","7.0","ดูข้อมูล"
"RF.YNW.03","ยานนาวา","ปตร.คลองวัดด่าน","26/09/2565 13:30","0.5","0.5","0.5","0.5","1.0","3.5","6.5","7.5","ดูข้อมูล"
"RF.YNW.03","ยานนาวา","ปตร.คลองวัดด่าน","27/06/2565 11:15","0.5","0.5","0.5","0.5","0.5","0.5","0.5","8.0","ดูข้อมูล"
"RF.YNW.03","ยานนาวา","ปตร.คลองวัดด่าน","27/06/2565 11:35","0.5","0.5","1.0","1.0","1.0","1.0","1.0","8.5","ดูข้อมูล"
"RF.YNW.03","ยานนาวา","ปตร.คลองวัดด่าน","27/08/2565 05:45","0.5","0.5","0.5","0.5","0.5","0.5","13.0","20.5","ดูข้อมูล"
"RF.YNW.03","ยานนาวา","ปตร.คลองวัดด่าน","27/08/2565 05:50","1.0","1.5","1.5","1.5","1.5","1.5","12.5","21.5","ดูข้อมูล"
"RF.YNW.03","ยานนาวา","ปตร.คลองวัดด่าน","27/08/2565 06:15","0.5","0.5","1.5","2.0","2.0","2.0","5.0","22.0","ดูข้อมูล"
"RF.YNW.03","ยานนาวา","ปตร.คลองวัดด่าน","27/09/2565 12:00","0.5","0.5","0.5","0.5","0.5","0.5","0.5","1.0","ดูข้อมูล"
"RF.YNW.03","ยานนาวา","ปตร.คลองวัดด่าน","27/09/2565 12:10","0.5","1.0","1.0","1.0","1.0","1.0","1.0","1.5","ดูข้อมูล"
"RF.YNW.03","ยานนาวา","ปตร.คลองวัดด่าน","27/09/2565 14:10","1.0","1.0","1.0","1.0","2.0","2.0","2.0","2.0","ดูข้อมูล"
"RF.YNW.03","ยานนาวา","ปตร.คลองวัดด่าน","27/09/2565 14:20","0.5","1.5","1.5","1.5","2.5","2.5","2.5","2.5","ดูข้อมูล"
"RF.YNW.03","ยานนาวา","ปตร.คลองวัดด่าน","27/09/2565 14:30","1.0","1.5","2.5","2.5","3.5","3.5","3.5","3.5","ดูข้อมูล"
"RF.YNW.03","ยานนาวา","ปตร.คลองวัดด่าน","27/09/2565 16:55","0.5","0.5","0.5","0.5","3.0","4.0","4.0","4.0","ดูข้อมูล"
"RF.YNW.03","ยานนาวา","ปตร.คลองวัดด่าน","27/09/2565 17:00","1.0","1.5","1.5","1.5","4.0","5.0","5.0","5.0","ดูข้อมูล"
"RF.YNW.03","ยานนาวา","ปตร.คลองวัดด่าน","28/06/2565 17:50","3.0","3.0","3.0","3.0","3.0","3.0","3.0","3.0","ดูข้อมูล"
"RF.YNW.03","ยานนาวา","ปตร.คลองวัดด่าน","28/06/2565 17:55","4.0","7.0","7.0","7.0","7.0","7.0","7.0","7.0","ดูข้อมูล"
"RF.YNW.03","ยานนาวา","ปตร.คลองวัดด่าน","28/06/2565 18:00","2.5","9.5","9.5","9.5","9.5","9.5","9.5","9.5","ดูข้อมูล"
"RF.YNW.03","ยานนาวา","ปตร.คลองวัดด่าน","28/06/2565 18:05","0.5","7.0","10.0","10.0","10.0","10.0","10.0","10.0","ดูข้อมูล"
"RF.YNW.03","ยานนาวา","ปตร.คลองวัดด่าน","28/06/2565 19:50","0.5","0.5","0.5","0.5","10.5","10.5","10.5","10.5","ดูข้อมูล"
"RF.YNW.03","ยานนาวา","ปตร.คลองวัดด่าน","28/07/2565 10:10","1.0","1.0","1.0","1.0","1.0","1.0","1.0","1.0","ดูข้อมูล"
"RF.YNW.03","ยานนาวา","ปตร.คลองวัดด่าน","28/07/2565 10:15","4.0","5.0","5.0","5.0","5.0","5.0","5.0","5.0","ดูข้อมูล"
"RF.YNW.03","ยานนาวา","ปตร.คลองวัดด่าน","28/07/2565 10:20","7.0","12.0","12.0","12.0","12.0","12.0","12.0","12.0","ดูข้อมูล"
"RF.YNW.03","ยานนาวา","ปตร.คลองวัดด่าน","28/07/2565 10:25","8.0","19.0","20.0","20.0","20.0","20.0","20.0","20.0","ดูข้อมูล"
"RF.YNW.03","ยานนาวา","ปตร.คลองวัดด่าน","28/07/2565 10:30","6.0","21.0","26.0","26.0","26.0","26.0","26.0","26.0","ดูข้อมูล"
"RF.YNW.03","ยานนาวา","ปตร.คลองวัดด่าน","28/07/2565 10:35","3.0","17.0","29.0","29.0","29.0","29.0","29.0","29.0","ดูข้อมูล"
"RF.YNW.03","ยานนาวา","ปตร.คลองวัดด่าน","28/07/2565 10:40","2.0","11.0","30.0","31.0","31.0","31.0","31.0","31.0","ดูข้อมูล"
"RF.YNW.03","ยานนาวา","ปตร.คลองวัดด่าน","28/07/2565 10:45","0.5","5.5","26.5","31.5","31.5","31.5","31.5","31.5","ดูข้อมูล"
"RF.YNW.03","ยานนาวา","ปตร.คลองวัดด่าน","28/07/2565 10:50","0.5","3.0","20.0","32.0","32.0","32.0","32.0","32.0","ดูข้อมูล"
"RF.YNW.03","ยานนาวา","ปตร.คลองวัดด่าน","28/07/2565 11:05","0.5","0.5","3.5","32.5","32.5","32.5","32.5","32.5","ดูข้อมูล"
"RF.YNW.03","ยานนาวา","ปตร.คลองวัดด่าน","28/07/2565 11:15","0.5","1.0","1.5","28.0","33.0","33.0","33.0","33.0","ดูข้อมูล"
"RF.YNW.03","ยานนาวา","ปตร.คลองวัดด่าน","28/07/2565 11:20","0.5","1.0","1.5","21.5","33.5","33.5","33.5","33.5","ดูข้อมูล"
"RF.YNW.03","ยานนาวา","ปตร.คลองวัดด่าน","28/07/2565 11:30","0.5","1.0","2.0","8.0","34.0","34.0","34.0","34.0","ดูข้อมูล"
"RF.YNW.03","ยานนาวา","ปตร.คลองวัดด่าน","28/07/2565 13:50","0.5","0.5","0.5","0.5","2.5","34.5","34.5","34.5","ดูข้อมูล"
"RF.YNW.03","ยานนาวา","ปตร.คลองวัดด่าน","28/08/2565 04:25","0.5","0.5","0.5","0.5","0.5","0.5","0.5","2.5","ดูข้อมูล"
"RF.YNW.03","ยานนาวา","ปตร.คลองวัดด่าน","28/08/2565 04:30","0.5","1.0","1.0","1.0","1.0","1.0","1.0","3.0","ดูข้อมูล"
"RF.YNW.03","ยานนาวา","ปตร.คลองวัดด่าน","28/08/2565 04:50","0.5","0.5","1.5","1.5","1.5","1.5","1.5","3.5","ดูข้อมูล"
"RF.YNW.03","ยานนาวา","ปตร.คลองวัดด่าน","28/08/2565 05:30","0.5","0.5","0.5","1.0","2.0","2.0","2.0","4.0","ดูข้อมูล"
"RF.YNW.03","ยานนาวา","ปตร.คลองวัดด่าน","28/09/2565 22:35","0.5","0.5","0.5","0.5","0.5","0.5","0.5","0.5","ดูข้อมูล"
"RF.YNW.03","ยานนาวา","ปตร.คลองวัดด่าน","28/09/2565 22:40","0.5","1.0","1.0","1.0","1.0","1.0","1.0","1.0","ดูข้อมูล"
"RF.YNW.03","ยานนาวา","ปตร.คลองวัดด่าน","28/09/2565 22:50","0.5","1.0","1.5","1.5","1.5","1.5","1.5","1.5","ดูข้อมูล"
"RF.YNW.03","ยานนาวา","ปตร.คลองวัดด่าน","28/09/2565 23:00","0.5","1.0","2.0","2.0","2.0","2.0","2.0","2.0","ดูข้อมูล"
"RF.YNW.03","ยานนาวา","ปตร.คลองวัดด่าน","28/09/2565 23:05","0.5","1.0","2.0","2.5","2.5","2.5","2.5","2.5","ดูข้อมูล"
"RF.YNW.03","ยานนาวา","ปตร.คลองวัดด่าน","28/09/2565 23:10","0.5","1.5","2.0","3.0","3.0","3.0","3.0","3.0","ดูข้อมูล"
"RF.YNW.03","ยานนาวา","ปตร.คลองวัดด่าน","28/09/2565 23:15","0.5","1.5","2.5","3.5","3.5","3.5","3.5","3.5","ดูข้อมูล"
"RF.YNW.03","ยานนาวา","ปตร.คลองวัดด่าน","28/09/2565 23:35","0.5","0.5","1.5","3.5","4.0","4.0","4.0","4.0","ดูข้อมูล"
"RF.YNW.03","ยานนาวา","ปตร.คลองวัดด่าน","28/09/2565 23:50","0.5","0.5","1.0","3.0","4.5","4.5","4.5","4.5","ดูข้อมูล"
"RF.YNW.03","ยานนาวา","ปตร.คลองวัดด่าน","28/09/2565 23:55","0.5","1.0","1.5","3.5","5.0","5.0","5.0","5.0","ดูข้อมูล"
"RF.YNW.03","ยานนาวา","ปตร.คลองวัดด่าน","29/07/2565 06:45","0.5","0.5","0.5","0.5","0.5","0.5","0.5","35.0","ดูข้อมูล"
"RF.YNW.03","ยานนาวา","ปตร.คลองวัดด่าน","29/07/2565 07:15","1.0","1.0","1.0","1.5","1.5","1.5","1.5","36.0","ดูข้อมูล"
"RF.YNW.03","ยานนาวา","ปตร.คลองวัดด่าน","29/07/2565 07:20","0.5","1.5","1.5","2.0","2.0","2.0","2.0","36.5","ดูข้อมูล"
"RF.YNW.03","ยานนาวา","ปตร.คลองวัดด่าน","29/08/2565 07:45","7.0","7.0","7.0","7.0","7.0","7.0","7.0","7.0","ดูข้อมูล"
"RF.YNW.03","ยานนาวา","ปตร.คลองวัดด่าน","29/08/2565 07:50","7.5","14.5","14.5","14.5","14.5","14.5","14.5","14.5","ดูข้อมูล"
"RF.YNW.03","ยานนาวา","ปตร.คลองวัดด่าน","29/08/2565 07:55","2.5","17.0","17.0","17.0","17.0","17.0","17.0","17.0","ดูข้อมูล"
"RF.YNW.03","ยานนาวา","ปตร.คลองวัดด่าน","29/08/2565 08:30","0.5","0.5","0.5","17.5","17.5","17.5","17.5","17.5","ดูข้อมูล"
"RF.YNW.03","ยานนาวา","ปตร.คลองวัดด่าน","29/08/2565 08:40","0.5","1.0","1.0","18.0","18.0","18.0","18.0","18.0","ดูข้อมูล"
"RF.YNW.03","ยานนาวา","ปตร.คลองวัดด่าน","29/09/2565 00:10","0.5","0.5","1.5","2.5","5.5","5.5","5.5","5.5","ดูข้อมูล"
"RF.YNW.03","ยานนาวา","ปตร.คลองวัดด่าน","29/09/2565 01:15","0.5","0.5","0.5","0.5","6.0","6.0","6.0","6.0","ดูข้อมูล"
"RF.YNW.03","ยานนาวา","ปตร.คลองวัดด่าน","29/09/2565 01:45","0.5","0.5","0.5","1.0","5.5","6.5","6.5","6.5","ดูข้อมูล"
"RF.YNW.03","ยานนาวา","ปตร.คลองวัดด่าน","29/09/2565 01:55","0.5","1.0","1.0","1.5","5.5","7.0","7.0","7.0","ดูข้อมูล"
"RF.YNW.03","ยานนาวา","ปตร.คลองวัดด่าน","29/09/2565 02:25","0.5","0.5","0.5","1.5","4.0","7.5","7.5","7.5","ดูข้อมูล"
"RF.YNW.03","ยานนาวา","ปตร.คลองวัดด่าน","29/09/2565 02:45","0.5","0.5","1.0","1.5","4.0","8.0","8.0","8.0","ดูข้อมูล"
"RF.YNW.03","ยานนาวา","ปตร.คลองวัดด่าน","29/09/2565 03:10","0.5","0.5","1.0","1.5","3.0","8.5","8.5","8.5","ดูข้อมูล"
"RF.YNW.03","ยานนาวา","ปตร.คลองวัดด่าน","29/09/2565 03:20","0.5","1.0","1.0","2.0","3.5","9.0","9.0","9.0","ดูข้อมูล"
"RF.YNW.03","ยานนาวา","ปตร.คลองวัดด่าน","29/09/2565 03:40","1.0","1.0","1.5","2.5","4.5","10.0","10.0","10.0","ดูข้อมูล"
"RF.YNW.03","ยานนาวา","ปตร.คลองวัดด่าน","29/09/2565 03:55","0.5","0.5","1.5","2.5","5.0","10.5","10.5","10.5","ดูข้อมูล"
"RF.YNW.03","ยานนาวา","ปตร.คลองวัดด่าน","29/09/2565 04:05","0.5","1.0","2.0","3.0","5.5","11.0","11.0","11.0","ดูข้อมูล"
"RF.YNW.03","ยานนาวา","ปตร.คลองวัดด่าน","29/09/2565 04:25","0.5","0.5","1.0","2.5","5.5","11.5","11.5","11.5","ดูข้อมูล"
"RF.YNW.03","ยานนาวา","ปตร.คลองวัดด่าน","29/09/2565 04:45","0.5","0.5","1.0","2.0","5.5","11.0","12.0","12.0","ดูข้อมูล"
"RF.YNW.03","ยานนาวา","ปตร.คลองวัดด่าน","29/09/2565 04:50","0.5","1.0","1.5","2.5","6.0","11.0","12.5","12.5","ดูข้อมูล"
"RF.YNW.03","ยานนาวา","ปตร.คลองวัดด่าน","29/09/2565 05:10","0.5","0.5","1.5","2.0","6.0","10.0","13.0","13.0","ดูข้อมูล"
"RF.YNW.03","ยานนาวา","ปตร.คลองวัดด่าน","29/09/2565 05:50","0.5","0.5","0.5","1.0","5.5","9.0","13.5","13.5","ดูข้อมูล"
"RF.YNW.03","ยานนาวา","ปตร.คลองวัดด่าน","29/09/2565 11:15","0.5","0.5","0.5","0.5","0.5","1.0","10.5","14.0","ดูข้อมูล"
"RF.YNW.03","ยานนาวา","ปตร.คลองวัดด่าน","29/09/2565 13:55","0.5","0.5","0.5","0.5","1.0","1.0","7.5","14.5","ดูข้อมูล"
"RF.YNW.03","ยานนาวา","ปตร.คลองวัดด่าน","29/09/2565 14:55","0.5","0.5","0.5","0.5","1.0","1.5","7.0","15.0","ดูข้อมูล"
"RF.YNW.03","ยานนาวา","ปตร.คลองวัดด่าน","30/06/2565 16:05","0.5","0.5","0.5","0.5","0.5","0.5","0.5","0.5","ดูข้อมูล"
"RF.YNW.03","ยานนาวา","ปตร.คลองวัดด่าน","30/06/2565 16:20","1.0","1.0","1.5","1.5","1.5","1.5","1.5","1.5","ดูข้อมูล"
"RF.YNW.03","ยานนาวา","ปตร.คลองวัดด่าน","30/08/2565 15:10","0.5","0.5","0.5","0.5","0.5","0.5","0.5","0.5","ดูข้อมูล"
"RF.YNW.03","ยานนาวา","ปตร.คลองวัดด่าน","31/07/2565 20:40","0.5","0.5","0.5","0.5","0.5","0.5","0.5","0.5","ดูข้อมูล"
"RF.YNW.03","ยานนาวา","ปตร.คลองวัดด่าน","31/07/2565 21:05","0.5","0.5","1.0","1.0","1.0","1.0","1.0","1.0","ดูข้อมูล"
"RF.YNW.03","ยานนาวา","ปตร.คลองวัดด่าน","31/07/2565 21:30","0.5","0.5","1.0","1.5","1.5","1.5","1.5","1.5","ดูข้อมูล"
"RF.YNW.03","ยานนาวา","ปตร.คลองวัดด่าน","31/07/2565 23:45","0.5","0.5","0.5","0.5","1.5","2.0","2.0","2.0","ดูข้อมูล"
"RF.YNW.03","ยานนาวา","ปตร.คลองวัดด่าน","31/08/2565 16:35","0.5","0.5","0.5","0.5","0.5","0.5","0.5","0.5","ดูข้อมูล"
"RF.YNW.03","ยานนาวา","ปตร.คลองวัดด่าน","31/08/2565 16:55","0.5","0.5","1.0","1.0","1.0","1.0","1.0","1.0","ดูข้อมูล"
"RF.YNW.03","ยานนาวา","ปตร.คลองวัดด่าน","31/08/2565 17:20","0.5","0.5","1.0","1.5","1.5","1.5","1.5","1.5","ดูข้อมูล"
"RF.YNW.03","ยานนาวา","ปตร.คลองวัดด่าน","31/08/2565 18:20","0.5","0.5","0.5","0.5","2.0","2.0","2.0","2.0","ดูข้อมูล"